13.674485 6.532051 -391.331177 0
1.624697 23.410076 -390.944641 -1
-8.899138 -15.260894 -392.006317 2
-23.120438 2.449384 -393.675659 0
-7.624404 5.267074 -392.479797 0
-24.716002 34.976894 -394.446228 0
-13.561071 26.629999 -393.159485 0
-8.898642 -16.542574 -391.984497 2
12.124379 21.619207 -390.942963 -1
-9.690572 37.150009 -392.860687 0
4.444612 3.457960 -391.201050 0
-9.928247 20.399441 -392.083801 1
19.658661 33.898674 -388.013580 -1
-26.173037 -6.102171 -396.950378 0
11.196732 -5.288024 -394.349182 0
1.880706 25.199747 -390.927460 -1
-28.354815 22.862680 -394.744507 0
-14.333708 6.048024 -393.159790 0
-8.875562 20.085535 -390.967773 -1
0.344919 -1.407753 -391.713745 0
-1.705679 -14.718202 -391.218170 2
-17.441256 22.278114 -393.544312 0
-25.485956 3.227870 -394.365784 0
-17.956739 6.826480 -393.542053 0
-9.944108 3.471300 -392.710236 0
-27.436357 -12.319774 -396.418579 0
-28.463253 40.323204 -396.254150 0
-18.609940 18.808699 -391.016968 -1
-8.655224 3.984044 -392.590179 0
-1.192218 22.640951 -390.916168 -1
3.138254 34.160324 -388.101562 -1
2.652269 -20.360693 -391.417999 0
11.534224 27.064377 -388.317810 -1
-24.611732 -4.803169 -396.931793 0
8.023829 8.568844 -390.791473 0
-2.472447 25.197666 -390.895203 -1
-13.818718 12.994537 -393.162476 0
12.871675 17.752913 -390.306976 0
-19.479649 -14.985603 -398.325836 0
14.940604 21.618099 -390.922974 -1
6.233810 21.873278 -390.911621 -1
12.809363 33.325047 -396.289062 -1
-2.985249 19.574709 -390.984833 -1
10.841652 25.962767 -390.860870 -1
-3.757712 13.961243 -391.413025 1
-13.130731 -17.476776 -395.713379 0
-24.967733 18.710550 -394.341156 0
-14.954895 -2.200386 -395.969147 0
10.772406 28.338310 -388.364441 -1
-22.856504 2.191191 -393.571442 0
11.084122 36.915718 -390.383057 0
-9.132000 21.365515 -390.981995 -1
4.184785 -0.893163 -390.867767 2
-17.701141 11.205795 -393.590820 0
-13.638176 -18.238924 -395.394897 0
-0.684708 41.338894 -393.580597 0
2.903885 -2.682945 -390.773987 2
-11.490110 -19.404238 -392.796204 0
-23.402050 0.131004 -394.075317 0
3.159753 -4.472784 -390.760315 2
-28.355902 26.738384 -394.759644 0
-0.929080 41.256931 -387.966003 -1
-1.451648 0.130255 -391.822540 0
-11.613659 32.655231 -388.323883 -1
-26.265797 5.809583 -394.438507 0
-17.700443 22.279869 -393.575287 0
-8.384309 21.418282 -391.947632 1
-7.098937 22.182629 -391.857544 1
-17.699427 4.251344 -393.552704 0
8.542167 -19.319578 -391.082458 -1
9.353600 34.324173 -392.883972 0
-2.479026 26.034140 -391.935364 -1
-11.064042 -16.710558 -395.964966 0
11.595277 -15.963672 -390.373261 0
-24.302950 5.575374 -396.136810 0
-22.111486 20.245314 -394.077881 0
-13.817583 0.902457 -393.130188 0
-12.252575 12.458752 -392.493591 1
-24.709032 29.806152 -394.335022 0
10.330614 25.709570 -390.899994 -1
-23.150257 30.052637 -394.183441 0
-7.365742 9.374362 -392.396423 0
-17.700905 13.008521 -393.585571 0
-0.168243 -0.894950 -391.649994 0
12.870506 -11.873353 -390.271515 0
-13.035504 3.986615 -392.843567 3
-11.753022 29.189695 -392.983765 0
10.947380 35.198769 -385.566986 -1
8.073970 31.781479 -393.233521 0
-4.274453 -3.202552 -391.774597 3
-14.585732 2.959605 -393.011078 0
-10.923454 21.874502 -390.933533 -1
-1.707864 38.067406 -391.719299 0
-12.525383 10.417099 -392.986267 0
12.891822 22.385244 -390.917908 -1
-25.368734 32.933826 -388.612823 -1
15.848633 33.650154 -388.075714 -1
-6.569923 27.757870 -390.927185 -1
5.723537 7.806612 -391.039093 0
-7.357703 16.289501 -391.968201 1
-1.448338 23.920778 -390.929138 -1
-20.429644 -2.722306 -396.507080 0
-9.130622 25.199459 -390.922974 -1
-10.273901 -4.009453 -395.502899 0
-28.350733 7.879451 -394.687683 0
-28.336699 34.206539 -394.492310 0
12.289165 -10.282440 -388.059845 0
8.843117 34.597855 -393.072418 0
-23.148335 8.384577 -394.150665 0
-5.879793 -11.534904 -396.190247 0
0.859177 -3.719336 -392.201416 3
-16.807890 28.260721 -390.805817 -1
6.492109 29.301651 -391.045929 0
12.615412 -15.194028 -390.288727 0
-21.216362 -2.723271 -396.647583 0
3.164640 29.837732 -391.364624 0
1.880397 -13.170216 -390.863251 2
-20.002138 34.677933 -388.209900 -1
-20.561281 37.778397 -394.052155 0
-13.561928 33.578541 -393.184326 0
-12.866911 -9.963778 -395.571777 0
6.233411 27.499203 -390.886627 -1
-28.343239 31.890573 -394.583344 0
8.791210 27.234953 -390.765198 0
2.903849 -14.445602 -390.769257 2
3.932397 33.923759 -391.231140 0
-19.519499 33.636665 -393.864960 0
-8.695133 39.360306 -394.400421 0
-3.006561 41.101757 -393.776154 0
4.437457 -19.549906 -390.571259 0
-14.079524 31.783100 -393.253571 0
-24.666328 32.073021 -393.653503 -1
10.844056 18.805359 -390.947540 -1
-24.447815 8.387502 -394.288147 0
-16.192431 29.860077 -388.324677 -1
-31.190948 30.104925 -388.205231 -1
-5.049593 7.059510 -392.181274 0
6.418983 35.296833 -386.641235 -1
7.002399 19.827923 -390.932861 0
0.857353 38.033321 -391.368561 0
-9.731346 39.371609 -394.513672 0
-14.597918 33.591789 -393.339447 0
-21.937944 23.156641 -390.984985 -1
8.534831 11.124819 -390.746643 0
-21.778412 34.417854 -388.141754 -1
-3.500807 -7.040555 -391.356323 3
-8.129278 17.831303 -392.030396 1
-6.851395 2.184566 -392.381348 0
-0.424839 15.765279 -391.689117 0
-15.889938 14.805601 -393.431580 0
-19.257771 30.022552 -393.788818 0
-18.855640 -18.015863 -396.179443 0
-5.298765 -14.989206 -391.610046 2
-14.766891 -13.407065 -397.892426 0
-5.565762 34.277355 -392.348114 0
-2.704786 -12.803219 -387.496979 2
-22.112574 18.441090 -394.097260 0
6.235787 11.900701 -391.035583 0
-24.059799 37.854919 -392.173492 -1
-8.392809 -1.153280 -392.344971 3
2.655730 -2.177934 -391.928833 2
-19.254051 3.995436 -393.712769 0
-27.121204 34.676239 -388.190948 -1
-14.854880 31.016405 -393.320953 0
-18.740580 32.081848 -393.761871 0
19.302942 27.365984 -396.366699 -1
-12.248465 15.022102 -392.361969 1
2.139565 6.789947 -391.435944 0
14.844653 23.004274 -388.412384 -1
-28.609373 36.031525 -394.689026 0
-26.860012 38.183662 -395.579254 0
8.777401 1.406231 -390.151367 2
-22.265316 -15.967611 -396.819489 0
-11.839188 -12.820657 -395.864868 0
-28.028549 -18.680437 -393.793579 0
16.962116 29.433962 -396.272308 -1
-8.139584 7.065741 -392.527405 0
-24.711763 23.357632 -394.378601 0
-18.484091 29.863771 -388.372711 -1
7.501496 -11.617416 -390.252960 2
-3.246604 21.400198 -391.616699 1
-28.134609 33.655666 -388.139313 -1
-3.764627 23.481256 -392.133331 0
-6.825112 29.033150 -390.876160 0
3.671006 -4.727603 -390.687103 2
-15.372452 20.466839 -393.379242 0
-18.857294 -9.720685 -396.214172 0
-17.961521 26.147823 -393.646851 0
-23.407612 19.476187 -394.168976 0
-2.988599 19.084398 -391.423645 1
-3.240477 27.498564 -390.877533 -1
-27.331566 14.602612 -394.904480 0
10.165621 2.712208 -394.433533 0
-4.793559 29.392042 -392.252258 0
-8.127915 19.367270 -391.964661 1
19.559294 28.398699 -396.300018 -1
-3.250023 1.412999 -392.028992 0
-18.609779 -8.170324 -396.470459 0
-5.815406 10.643446 -391.851776 1
14.832138 34.412815 -388.084930 -1
-13.657528 -15.932862 -395.955933 0
2.652022 12.935673 -391.381500 0
5.723301 3.968140 -391.022980 0
-9.430818 26.602970 -392.760406 0
0.088310 8.075076 -391.649109 0
-11.325586 -8.420627 -396.040619 0
-9.160065 15.271909 -392.183594 1
-25.225922 -18.190226 -394.339172 0
8.789826 -8.818487 -390.703674 2
-4.520145 30.052608 -390.828522 -1
11.597910 30.535437 -390.461914 0
-24.449816 25.934532 -394.320435 0
-7.883384 34.810844 -392.573639 0
-27.839968 -4.777098 -394.777344 0
-26.945984 -2.984316 -396.845367 0
1.112248 30.310081 -390.850739 -1
-26.004496 5.034682 -394.394226 0
-16.516781 -7.125952 -396.103210 0
10.329738 24.940067 -390.866882 -1
-11.691670 24.432610 -390.932312 -1
-22.735498 41.069969 -395.954010 0
-7.849733 25.709431 -390.897858 -1
15.342918 35.434048 -388.144257 -1
-15.677198 34.673847 -388.164185 -1
-13.909099 41.824024 -395.733948 0
-9.687156 8.097201 -392.722198 0
-11.226180 10.919691 -392.564545 0
12.224986 -0.126906 -394.186981 0
4.693362 -12.393789 -390.576141 2
-6.058356 20.085411 -390.965363 -1
3.676818 1.154330 -391.305634 0
-11.436591 24.178915 -390.966675 -1
-15.536352 20.599907 -391.018829 -1
6.744812 28.775127 -390.845734 -1
-19.772154 5.284233 -393.758453 0
-25.387171 -12.593184 -396.859833 0
12.105224 -11.619569 -390.325317 0
-13.396101 -16.707615 -395.895233 0
-5.564753 7.831325 -392.276978 0
-1.195056 26.541098 -391.846924 0
-5.044806 -2.177271 -391.809479 3
-1.966154 35.791214 -392.056671 0
10.832161 13.673797 -390.518707 0
-10.027746 -9.456612 -396.013214 0
-21.585327 -20.231928 -393.897736 0
-20.432039 -6.355567 -396.553589 0
10.577517 22.364855 -390.561829 0
-10.971298 1.929099 -392.645782 3
-20.812603 19.721825 -393.923370 0
-8.399017 -13.229920 -392.635132 0
5.468298 22.395926 -391.104431 0
5.212218 11.135255 -391.113159 0
-17.820490 -6.091321 -396.244568 0
7.205710 34.159363 -388.090607 -1
21.697737 32.891693 -388.115662 -1
12.870602 3.194383 -390.274445 0
16.367510 30.114113 -388.323730 -1
-17.821079 -3.757803 -396.257721 0
-22.371080 19.730843 -394.103455 0
-1.962291 36.232986 -391.286285 0
-9.688384 29.688009 -392.772003 0
3.670774 -18.020626 -390.662476 2
-20.272787 -15.254055 -398.529541 0
-10.716515 -2.182412 -392.734558 0
-5.073071 40.352131 -394.004761 0
8.790891 8.823656 -390.751038 0
-7.792913 34.411346 -388.068359 -1
12.485937 -1.416952 -394.273376 0
8.024804 25.961309 -390.838928 0
-11.585719 -10.494545 -396.064697 0
18.404972 29.101578 -388.375854 -1
-20.035522 23.327230 -393.865265 0
0.856856 -3.197377 -391.141602 3
-17.962284 16.617563 -393.663574 0
-19.511486 -19.964310 -393.703308 0
5.934880 34.922867 -388.108765 -1
-27.824455 -13.294690 -394.557373 0
11.596422 31.553425 -390.411804 0
1.883769 37.539879 -391.564239 0
-9.473415 39.115505 -394.534424 0
1.883521 33.948170 -391.512604 0
-8.361610 28.266556 -390.886505 -1
-0.936013 27.753170 -390.860992 -1
1.626833 8.327311 -391.458649 0
-6.312109 31.586397 -390.819763 -1
7.002688 14.968005 -390.949005 0
4.445005 28.547815 -391.235596 0
-6.840812 19.357914 -391.775299 1
17.641649 29.101416 -388.373688 -1
-5.553758 19.088215 -391.501923 1
-28.087105 -4.516921 -394.616241 0
-14.855829 29.474007 -393.346100 0
11.447976 3.225740 -394.105530 0
-9.170546 2.185963 -392.632324 0
-11.235194 9.643000 -392.879730 0
11.969372 -5.803004 -394.272644 0
-22.522419 -5.320479 -396.769531 0
-4.792331 6.545748 -392.151794 0
8.795420 20.596401 -390.952332 -1
4.693286 -3.959444 -390.569855 2
8.794867 24.943951 -390.927734 -1
-25.905647 -8.437571 -396.837585 0
12.123766 21.106489 -390.923187 -1
-24.921816 31.297239 -393.615936 -1
-27.652004 18.687782 -388.503204 -1
-0.936039 26.986603 -390.871765 -1
6.234972 13.690106 -390.984497 0
-5.821533 1.670537 -392.264587 0
-14.854792 26.640781 -393.318634 0
10.680144 -9.416925 -394.351227 0
-16.406040 16.608442 -393.447479 0
13.124551 -15.446854 -390.223816 0
16.700617 34.830009 -384.282196 -1
-28.092972 22.343462 -394.698669 0
6.481295 -5.745925 -390.394562 2
-31.196894 28.586176 -388.279236 -1
-0.680650 -6.526557 -391.247955 3
5.723379 3.712314 -391.028320 0
11.335588 35.625050 -390.236481 0
-0.424855 2.180794 -391.703857 0
8.045651 -19.101286 -391.854279 0
-25.220325 1.163021 -394.251678 0
1.624632 26.223103 -390.928925 -1
-22.243511 -10.504248 -396.430878 0
13.662512 19.319040 -390.988556 0
18.651236 27.564671 -388.206299 -1
-23.023764 31.522703 -396.451538 -1
-25.754866 35.758636 -394.527802 0
-14.252988 24.433445 -390.945709 -1
-27.389326 32.660549 -388.387115 -1
12.617601 14.178997 -390.356476 0
2.155603 35.228210 -394.370117 0
-2.993155 30.913843 -392.020355 0
-2.478947 8.337184 -391.922760 0
-19.887072 24.433525 -390.946991 -1
-16.300407 28.268559 -390.914185 -1
13.394604 37.196095 -390.644745 0
-23.327986 23.520472 -388.542206 -1
12.810871 31.772852 -396.335754 -1
13.404359 23.664970 -390.929260 -1
19.912867 33.898731 -388.014252 -1
6.490513 19.572954 -390.949799 -1
-15.277898 26.225161 -390.959595 -1
-28.096252 28.803873 -394.744751 0
-22.002127 -16.484516 -396.760895 0
-27.828918 4.004649 -394.620636 0
-24.872622 -6.881357 -396.945770 0
-17.324770 26.478039 -390.915955 -1
5.242263 38.999828 -393.367645 0
12.590695 -18.477903 -389.524048 0
-27.347675 13.059806 -395.137268 0
7.513705 18.546711 -390.888092 0
-10.767945 39.640385 -394.619354 0
-26.168892 -11.295490 -396.887512 0
-26.774912 34.966225 -394.325928 0
-19.647936 -1.684230 -396.456573 0
9.244426 29.349859 -388.298279 -1
-4.014350 15.498961 -391.436432 1
-12.122281 31.384352 -388.319855 -1
-19.740835 -6.905373 -398.331146 0
-6.585943 10.900660 -391.880371 1
-1.195109 33.209370 -391.864166 0
20.941067 22.231195 -388.227722 -1
-16.666641 15.323764 -393.515228 0
7.513281 15.987924 -390.866028 0
-5.087236 -17.708448 -395.104828 0
19.824541 26.331562 -396.412964 -1
-24.971552 22.842812 -394.401459 0
-14.849335 5.533676 -393.174164 3
0.088316 2.693240 -391.674957 0
-14.952857 -5.309023 -395.915192 0
-26.690868 -7.919801 -396.917389 0
2.908306 16.776806 -391.368958 0
-25.010586 20.597490 -390.972961 -1
-8.141111 25.307629 -392.601044 0
10.264122 29.356340 -388.384003 -1
-0.424227 -7.036391 -391.124908 3
14.943192 18.551579 -390.990692 -1
-26.432253 -5.322741 -396.938232 0
-9.686211 8.353375 -392.683899 0
6.749414 36.984692 -391.112427 0
-8.393755 23.753347 -392.389191 1
12.104694 33.077507 -390.308228 0
0.601362 17.812405 -391.614899 0
-14.594497 15.055997 -393.247284 0
12.105656 9.580645 -390.339264 0
9.133319 -12.517842 -394.485535 0
-9.416237 16.553804 -392.153137 1
-6.329277 10.644286 -391.882751 1
-13.285295 18.885836 -392.620605 1
6.958319 27.583534 -388.471954 -1
-9.172261 31.995802 -392.705719 0
-12.202439 28.522421 -390.887573 -1
8.025261 16.243498 -390.861206 0
-9.413767 12.188131 -392.050293 1
-13.554924 3.988013 -392.981262 3
-7.618157 13.474584 -392.158234 1
-3.752627 28.777905 -390.883423 -1
-11.237284 30.730234 -392.952820 0
-11.303361 -16.163649 -395.263428 0
0.600332 -6.521488 -390.944092 3
-0.680233 19.320023 -391.008453 -1
-31.452446 28.079090 -388.294128 -1
8.523853 2.172666 -390.244049 2
-14.502652 -12.362511 -397.793732 0
-22.889387 15.863831 -394.137665 0
-23.795040 33.327759 -396.321320 -1
-29.960972 19.971279 -388.743774 -1
-11.491074 -20.177042 -392.829193 0
-4.783976 13.963206 -391.468048 1
-9.641809 28.522146 -390.883789 -1
-17.958448 4.509183 -393.579498 0
-12.204241 26.480026 -390.945282 -1
-16.668200 28.459311 -393.552032 0
-3.753071 25.199886 -390.929626 -1
-3.753579 20.342146 -390.982574 -1
-18.741854 28.852369 -388.442291 -1
-10.462260 26.351801 -392.847534 0
-18.480524 28.728861 -393.716736 0
-8.620464 19.576143 -391.013519 -1
-18.230021 28.847734 -388.379883 -1
-18.219265 16.359159 -393.644318 0
-7.883390 37.379784 -392.573914 0
10.320690 -18.780912 -390.524506 0
-5.505576 -18.156641 -388.105438 0
1.867999 32.397976 -388.286224 -1
1.894984 35.701313 -393.895355 0
-21.074442 27.717831 -393.994324 0
-0.675174 33.906246 -388.100250 0
-22.632597 20.507561 -394.161926 0
-5.823029 32.224827 -392.365417 0
-7.108757 7.320218 -392.399597 0
14.172097 22.129292 -390.915344 -1
9.630021 0.130867 -393.663116 0
2.903924 -11.633083 -390.779266 2
-1.195009 4.745560 -391.831360 0
-24.582565 31.782923 -396.461395 -1
3.164641 30.093847 -391.364838 0
-4.008840 28.267473 -390.899200 -1
-8.636678 -18.327097 -391.748993 2
9.646829 -14.577978 -394.350189 0
-19.515196 12.241847 -393.778137 0
-17.178324 7.596827 -393.426666 0
-7.355691 -16.793785 -391.860992 2
1.370518 -20.108295 -391.490753 0
6.030225 -16.126041 -394.343781 0
-22.000492 -2.723847 -396.731415 0
9.099451 33.564739 -393.022736 0
-1.193055 -14.717174 -391.190857 2
-14.596152 26.896330 -393.291870 0
8.842733 33.567528 -393.055359 0
-22.007023 -14.670359 -396.849182 0
-4.022028 33.493210 -392.185150 0
12.112094 12.141391 -390.546844 0
-14.169958 -9.969010 -395.779480 0
6.234048 24.176435 -390.926575 -1
-25.487402 12.776968 -394.388153 0
-26.539721 9.686932 -394.669647 0
-11.758653 -19.422802 -393.172028 0
-5.297750 14.734230 -391.535034 1
-7.100776 17.828056 -391.959045 1
-14.172075 -6.085080 -395.838623 0
-12.528155 30.739655 -393.073273 0
-22.631273 19.732615 -394.138855 0
12.612909 3.959903 -390.211304 0
-6.343850 37.913948 -392.785034 0
-10.806445 -15.417547 -396.030273 0
-13.043641 10.677044 -393.088776 0
-16.559307 22.900555 -390.980988 -1
-24.332558 39.581760 -396.619446 0
-17.702291 24.857935 -393.616425 0
-21.053766 -13.166368 -398.487885 0
-22.196333 19.320841 -391.024963 -1
-16.955355 30.367943 -388.320129 -1
-12.785900 0.387897 -393.081238 0
13.666294 -9.595135 -391.096771 0
0.088310 19.864372 -391.651489 0
-0.680479 -14.459673 -391.149902 2
10.075652 19.572598 -390.942657 -1
-20.819414 31.589794 -394.052277 0
2.392595 28.777891 -390.883240 -1
3.420891 29.836725 -391.351440 0
13.380421 -4.722085 -390.231110 0
0.601335 8.330258 -391.597198 0
6.746894 19.317945 -390.966431 0
9.564252 20.341726 -390.974518 -1
-6.267448 34.156189 -388.054565 -1
-5.802461 21.877073 -390.979492 -1
-22.110624 11.734957 -394.062561 0
-24.191492 19.999722 -394.320099 0
0.857890 2.692820 -391.613892 0
-9.429314 25.570835 -392.697754 0
10.518233 28.084784 -388.372833 -1
-6.852343 28.378584 -392.435669 0
10.576961 25.941540 -390.541290 0
-15.369062 0.645468 -393.292480 0
-10.202410 8.354798 -392.750793 0
8.593598 -3.988511 -393.437103 0
-14.660091 40.714054 -395.014679 0
10.125508 30.467224 -392.877106 0
-17.701056 20.735306 -393.588928 0
5.980033 28.023310 -391.061523 0
3.932553 11.651103 -391.246704 0
-6.584374 11.410817 -391.787048 1
8.280476 -19.818222 -390.822418 0
-2.736325 24.756824 -392.015381 0
-6.337640 36.336166 -392.400574 0
-9.162185 -0.382986 -392.274384 3
8.534939 21.097225 -390.751587 0
0.088315 -20.373882 -391.671539 0
-6.595070 25.296183 -392.423462 0
-8.053873 32.915283 -388.394012 -1
-16.776737 -2.201195 -396.114746 0
-21.072079 11.989401 -393.950134 0
8.875414 -12.002241 -394.508026 0
8.283572 37.738609 -390.968567 -1
-25.380501 -7.656944 -396.755585 0
-10.411799 22.898901 -390.952759 -1
7.501908 -10.596506 -390.274384 2
-20.953825 -8.691965 -396.596283 0
-14.855169 26.126686 -393.328613 0
-26.637655 18.944582 -388.555969 -1
16.611357 33.650330 -388.077759 -1
6.735912 -10.342592 -390.329987 2
-19.257008 29.248337 -393.773224 0
10.834130 33.612549 -390.589691 0
-18.995939 4.510660 -393.708466 0
12.484807 -5.286529 -394.237701 0
-8.656040 26.337021 -392.627197 0
-23.754223 22.667320 -391.371429 -1
12.873329 2.939619 -390.357147 0
5.501450 40.555420 -393.475586 0
-1.961559 -4.477133 -391.140259 3
-15.466229 -18.256641 -395.778992 0
-4.235312 34.929924 -388.187195 -1
0.344867 14.226140 -391.654327 0
7.816652 34.613243 -393.247253 0
-6.745081 -13.016212 -386.292755 2
-5.040747 -6.786851 -391.494263 3
-4.535401 -0.382862 -392.147614 0
4.444729 3.970051 -391.211365 0
-18.479578 25.635876 -393.696564 0
-13.996019 28.269066 -390.921234 -1
7.559599 40.792164 -393.275665 0
1.883303 14.731686 -391.467407 0
0.088266 -12.677809 -391.454163 2
-14.336927 23.290676 -393.248077 0
-0.168254 9.357124 -391.674896 0
0.604223 41.328117 -393.477997 0
-25.103056 21.480839 -388.440826 -1
12.845823 36.834396 -389.523071 0
-23.534664 -9.982333 -396.308441 0
-20.555347 20.495932 -393.938416 0
-27.214491 -8.959926 -396.970123 0
7.257204 5.245390 -390.864044 0
-2.993185 23.731258 -392.024292 0
0.850182 34.159786 -388.095428 -1
-21.736629 -4.280736 -396.658783 0
1.370648 10.634648 -391.527893 0
-24.710192 15.356407 -394.353516 0
-26.791462 16.397615 -394.569672 0
4.189103 22.405470 -391.271088 0
9.811547 -19.041292 -390.623566 0
-5.290530 20.598988 -391.001404 -1
-5.566030 35.306030 -392.367004 0
-26.435514 -11.038548 -396.987183 0
2.908466 -19.847027 -391.390472 0
9.563861 19.829227 -390.958557 -1
-15.182055 41.243118 -395.130524 0
-2.735630 11.414570 -391.915894 0
-11.473877 16.300852 -392.241302 1
-7.613182 -18.590713 -391.902130 2
-28.089317 -7.616257 -394.647339 0
-12.270239 -19.674452 -393.059448 0
6.736508 -2.935579 -390.364563 2
-12.525755 6.559873 -392.997955 0
-10.335911 34.160473 -388.103241 -1
-14.510533 19.063005 -390.984863 -1
-4.771730 -12.390293 -390.465973 0
12.043215 26.810827 -388.325897 -1
-6.626071 41.411102 -394.268097 0
19.913326 34.407345 -388.023224 -1
-28.738537 27.892063 -396.470947 -1
-21.848263 6.060738 -393.986298 0
-5.042487 -14.477400 -391.629425 2
-6.851450 1.414280 -392.384521 0
-8.107492 21.109547 -390.979797 -1
21.446119 24.767548 -388.163086 -1
-8.899120 -15.517381 -392.005524 2
-25.746147 8.389759 -394.394257 0
-17.180403 1.418208 -393.474274 0
-23.325462 25.805960 -388.500183 -1
-9.131948 18.806910 -390.979767 -1
0.601434 23.965599 -391.661652 0
-5.072922 40.093128 -393.993195 0
-21.481691 0.651141 -396.749207 0
-8.469711 -10.750335 -395.939972 0
-17.324570 27.756750 -390.911407 -1
4.188824 28.548502 -391.244995 0
-10.721046 33.554310 -392.900604 0
0.344836 6.280592 -391.619232 0
-20.656239 21.108685 -390.963837 -1
-8.651917 -1.153560 -392.440216 3
17.388914 20.208351 -388.411011 -1
-3.980576 33.909996 -388.143188 -1
0.344873 28.066277 -391.661133 0
-13.303288 27.401329 -393.152374 0
-28.435587 5.726212 -388.778107 -1
0.861805 40.290276 -393.400787 0
12.363273 28.486839 -390.399933 0
2.392445 28.008780 -390.858765 -1
-25.381134 -13.109459 -396.765472 0
8.027219 20.084961 -390.956604 -1
3.420929 27.276117 -391.355835 0
-31.192095 21.468599 -388.219513 -1
-4.529924 11.151223 -391.674042 1
12.871854 23.627630 -390.312408 0
-28.353149 30.093649 -394.721344 0
-2.216165 26.729736 -390.855865 -1
7.768161 7.801992 -390.807678 0
-27.560961 36.012924 -394.485260 0
0.088211 -5.245938 -391.210724 3
-6.594231 3.981846 -392.373566 0
-1.705975 -18.305443 -391.286133 2
-23.409639 14.576677 -394.203094 0
-26.065445 40.892956 -399.285431 -1
2.392871 23.409107 -390.928436 -1
-17.185642 20.478027 -393.594269 0
-3.764576 32.718536 -392.128052 0
7.768541 9.081116 -390.826843 0
-14.765245 22.898603 -390.947662 -1
-4.786177 21.401918 -391.648193 1
-0.423899 29.284906 -390.822449 -1
-14.853562 19.689920 -393.286072 0
7.001634 7.803638 -390.890167 0
7.769939 37.220127 -390.897156 -1
-10.154968 27.501865 -390.924500 -1
-15.891005 33.601913 -393.458008 0
10.831814 14.695513 -390.506195 0
-19.913506 -11.286551 -396.573425 0
-1.194957 9.616849 -391.814270 0
5.468166 20.859844 -391.095032 0
-5.297934 13.197418 -391.548645 1
-7.109610 24.270447 -392.446686 0
-4.530699 -7.047476 -391.741058 3
-21.269497 34.163212 -388.134369 -1
2.926687 41.108677 -393.842468 0
-17.702774 24.343451 -393.627167 0
-2.232240 41.092854 -393.690857 0
-10.184829 18.346415 -392.073975 1
-27.559195 32.913105 -394.459991 0
18.945988 35.295364 -383.873535 -1
1.114245 7.816861 -391.552460 0
-0.938226 9.103379 -391.784973 0
-13.882882 40.194363 -394.988007 0
11.384789 39.370262 -391.930298 0
-22.370398 19.472355 -394.091431 0
7.256741 3.966274 -390.839081 0
8.843113 34.083405 -393.072266 0
-1.194963 20.129131 -391.816406 0
-6.585977 17.311693 -391.882416 1
-6.337758 31.201181 -392.407837 0
13.665062 -13.432799 -391.061523 0
-17.326345 22.131338 -390.951508 -1
11.088184 8.563026 -390.526123 0
-8.216587 -10.758504 -396.240845 0
-12.766226 14.255999 -392.476379 1
12.871640 1.917603 -390.305908 0
-20.029617 -19.966637 -393.749207 0
-20.028139 36.200718 -393.720154 0
-4.528591 -15.755923 -391.558716 2
9.557035 25.439419 -390.679535 0
6.481329 -0.892086 -390.396576 2
6.004647 33.791668 -392.671143 0
-15.433385 29.867973 -388.427368 -1
-14.596096 26.638866 -393.290375 0
-10.718513 3.986252 -392.807770 0
-8.467089 -9.969964 -395.817352 0
7.770137 21.873024 -390.907104 -1
-2.984095 32.099030 -390.833710 -1
-14.214858 -16.236034 -397.033569 0
2.139508 10.888006 -391.425476 0
-22.795273 34.417614 -388.139038 -1
-23.787832 -18.535385 -396.201233 0
-9.159687 -14.240661 -392.167389 2
-4.794523 36.586472 -392.331146 0
-29.154007 34.420448 -388.171051 -1
-5.544930 27.754492 -390.879608 -1
-12.527713 27.137638 -393.059387 0
10.941954 2.196233 -394.476929 0
5.459727 -4.214178 -390.491486 2
-18.221228 35.682404 -393.686737 0
-27.037344 31.874634 -394.386108 0
-8.983325 -6.860016 -395.714752 0
-1.960283 28.010725 -390.885895 -1
11.345335 10.864267 -390.572052 0
4.184905 27.242884 -390.878998 -1
-20.953718 -4.799084 -396.594269 0
-24.599920 -12.070184 -396.741272 0
-15.370197 16.088364 -393.321533 0
-28.738394 28.151365 -396.468964 -1
-30.942902 21.218061 -388.283661 -1
-2.222369 22.700830 -391.950012 0
-15.890335 22.529749 -393.441406 0
-10.925104 20.342665 -390.992554 -1
-2.763582 -11.527045 -395.920319 0
-17.961256 26.405027 -393.641022 0
-7.356408 15.004384 -391.899200 1
-16.811644 26.988075 -390.893127 -1
2.137040 21.365082 -390.974060 -1
-10.146631 31.824526 -390.603546 -1
12.132594 13.697927 -391.207855 -1
-16.594938 -12.368225 -397.977600 0
-9.428236 6.811055 -392.652863 0
-7.658668 38.828690 -394.243622 0
-14.592537 2.189093 -393.194458 0
13.661380 20.852438 -390.956177 -1
-24.857834 -10.252039 -396.709747 0
-23.154848 26.962646 -394.261597 0
12.377205 24.426832 -390.839905 -1
21.192022 22.481684 -388.166260 -1
13.666041 17.532587 -391.089539 0
-7.357113 22.443586 -391.936768 1
-2.216501 21.617668 -390.915161 -1
-18.220055 22.799948 -393.661377 0
-21.721640 -10.243653 -396.385223 0
-9.932509 22.718328 -392.252136 1
-5.545117 30.569136 -390.892792 -1
8.730545 34.411373 -388.068665 -1
-26.791735 16.655981 -394.573700 0
-16.148340 24.589846 -393.448181 0
5.981579 37.501373 -391.162628 0
-17.184919 32.324394 -393.577698 0
-26.917093 28.147882 -396.419922 -1
2.648564 27.753897 -390.871246 -1
4.412407 32.150536 -388.366455 -1
3.676623 12.420385 -391.284943 0
10.078607 28.534807 -391.057343 0
-18.478485 19.966919 -393.673309 0
-18.479191 23.316750 -393.688324 0
-10.412485 18.806849 -390.978516 -1
-5.565217 30.936659 -392.309662 0
-13.044790 26.113054 -393.123383 0
-5.298331 20.629360 -391.577942 1
-15.443004 40.214371 -395.184662 0
-15.723646 -10.226788 -395.732636 0
-22.630554 18.958265 -394.126343 0
-7.883170 29.158442 -392.562988 0
-3.253262 37.878681 -392.419708 0
-1.708661 32.956139 -391.902191 0
9.381441 41.130692 -394.053375 0
12.356713 6.768383 -390.192810 0
12.616633 13.156225 -390.326508 0
-0.424026 21.107393 -390.939911 -1
-10.286218 -8.419275 -395.977081 0
-2.733361 21.398785 -391.590851 1
-6.079088 6.548277 -392.303253 0
4.182382 -4.471446 -390.643341 2
-19.257439 28.218260 -393.782013 0
13.422710 38.042641 -391.464447 0
-4.021698 28.358137 -392.152954 0
-18.221806 35.168278 -393.699188 0
-12.010508 9.131278 -392.985687 0
-2.730732 -10.110019 -391.214172 3
-25.229340 10.712458 -394.392578 0
-15.997225 -17.752514 -396.087982 0
-1.706018 -14.209014 -391.295868 2
-6.013873 34.667645 -388.094727 -1
-10.157609 19.320898 -391.026154 -1
-1.194827 1.155705 -391.771698 0
8.360705 -14.329327 -394.609100 0
-28.406788 32.660316 -388.384338 -1
5.467908 13.693332 -391.076599 0
1.119374 39.770786 -393.355042 0
2.884020 34.160267 -388.100891 -1
-10.012582 -4.526056 -395.414368 0
-8.399623 30.193707 -392.663483 0
-14.767112 18.807741 -390.997101 -1
9.364984 2.704841 -393.362152 0
-28.661394 32.152233 -388.386963 -1
1.368499 -14.706756 -390.913940 2
-18.474344 0.903501 -393.585083 0
1.371003 33.445744 -391.629333 0
-7.289470 33.164246 -388.333191 -1
-27.973459 40.365547 -396.670258 0
-24.713533 34.457218 -394.406860 0
-6.334440 -3.206048 -392.202393 3
-3.249799 4.234592 -392.002014 0
-18.609777 23.158335 -391.013580 -1
-11.052480 -3.492263 -395.551178 0
-8.873732 25.708727 -390.887207 -1
-13.381089 -17.206442 -395.451599 0
11.598445 25.426420 -390.479919 0
-13.399539 30.634373 -388.476379 -1
-7.870786 15.006186 -391.946259 1
-6.569356 26.476513 -390.893433 -1
-6.056473 28.263472 -390.843842 -1
-15.630425 31.536417 -393.386444 0
9.811837 19.557198 -390.635101 0
-27.579956 13.563883 -394.757141 0
-7.882286 5.267599 -392.518921 0
-8.618480 25.455305 -390.923523 -1
-6.314754 19.574642 -390.983551 -1
-31.444452 26.547796 -388.195435 -1
-24.575666 30.477190 -396.350128 -1
-27.817533 33.429291 -394.459198 0
11.633806 -9.609208 -391.670380 0
11.100335 19.573170 -390.954102 -1
-3.752560 25.708019 -390.876434 -1
-20.402344 22.390297 -391.006134 -1
-26.273476 9.942277 -394.553833 0
-24.240080 38.655666 -395.112030 0
0.600412 -13.430547 -390.995941 2
-25.992283 0.646972 -394.208984 0
0.856545 18.807867 -390.999695 -1
-17.698402 0.645857 -393.529907 0
-0.938204 2.693933 -391.775879 0
-4.291467 -17.886471 -393.334015 0
5.212423 34.682701 -391.128540 0
-7.883399 32.241989 -392.574371 0
3.933345 34.700169 -391.325500 0
12.614795 3.449727 -390.269623 0
-4.527174 15.755101 -391.436249 1
-14.173635 -4.013298 -395.882172 0
1.104582 33.911190 -388.156830 -1
-12.511453 20.937407 -392.549225 1
-21.850201 11.218049 -394.021210 0
4.693469 -12.138481 -390.585052 2
4.188487 13.186122 -391.213501 0
-14.079396 28.952139 -393.250000 0
-13.545026 14.520885 -392.694305 1
-2.216450 25.198372 -390.906097 -1
8.559498 -18.076601 -391.875946 0
-7.624999 5.010635 -392.510468 0
2.393011 19.828857 -390.951294 -1
-26.521805 4.776709 -394.403259 0
11.638331 23.206257 -391.822723 0
-16.665195 17.639801 -393.481079 0
-13.030356 1.929309 -392.688416 0
-2.221971 3.720398 -391.879822 0
-1.708664 24.493256 -391.902679 0
12.872138 15.199379 -390.321014 0
0.857806 5.767412 -391.575348 0
-5.822272 27.086203 -392.314362 0
2.903868 -2.938642 -390.771820 2
-13.820800 29.722000 -393.221680 0
13.940768 12.174455 -391.610382 0
-9.420173 0.900590 -392.317078 3
-15.115800 36.429279 -393.406128 0
-6.056908 30.823278 -390.871918 -1
-0.938315 34.744217 -391.822235 0
-2.993100 26.808882 -392.013153 0
7.259365 3.711859 -390.980408 0
-1.960229 27.242613 -390.875092 -1
4.956214 4.225158 -391.128693 0
-18.738405 31.047573 -393.716217 0
-22.764889 31.264402 -396.465851 -1
13.940331 3.717723 -391.598114 0
4.182444 -7.539097 -390.649139 2
6.736422 -7.788950 -390.359558 2
15.708439 18.803701 -390.913116 -1
-14.763666 27.244755 -390.905853 -1
11.850994 25.674925 -390.373261 0
0.862616 36.720760 -393.771210 0
-1.451595 3.206938 -391.808350 0
-22.366848 33.908512 -394.028900 0
-24.448767 30.319817 -394.303497 0
-11.494745 23.787580 -392.954681 0
-26.794218 24.662476 -394.610291 0
-7.178642 -9.981043 -396.257233 0
0.088660 38.469044 -393.204468 0
-18.084450 -11.279935 -396.340973 0
-4.776814 30.312508 -390.882019 -1
-17.961180 18.934841 -393.639343 0
-8.657155 31.479605 -392.677765 0
7.769044 28.008305 -390.852112 0
-1.704272 27.244036 -390.895508 -1
11.086905 27.470673 -390.481079 0
-19.745077 -14.467591 -398.416718 0
-16.146219 7.853675 -393.396515 0
1.880382 -7.543168 -390.860138 3
10.771280 27.318907 -388.323822 -1
-16.044529 25.455002 -390.918884 -1
-25.486231 -17.417448 -394.370026 0
-9.129538 29.033180 -390.876587 -1
-14.079231 27.407814 -393.245422 0
-6.852841 31.205664 -392.464203 0
-6.851636 1.927868 -392.395203 0
-26.271538 29.820490 -394.524719 0
-0.936005 30.054831 -390.857422 -1
-31.450159 23.249672 -388.265900 -1
-26.889746 20.468302 -388.520782 -1
-6.312280 31.331505 -390.830353 -1
4.956326 9.600240 -391.137573 0
10.322450 31.312323 -390.591095 0
-18.164286 -12.371738 -398.090637 0
-20.547783 1.934738 -393.793427 0
5.970408 -10.856278 -390.432098 2
-29.925833 20.375118 -391.616333 -1
-19.778391 36.473408 -393.882660 0
-7.110679 35.318512 -392.505707 0
-4.271178 13.707264 -391.474518 1
9.649177 39.881104 -394.446167 0
-23.069321 25.295694 -388.472351 -1
12.380495 21.619251 -390.943787 -1
-20.522070 27.580156 -388.424347 -1
0.857942 31.652498 -391.637634 0
-18.741278 32.340725 -393.776550 0
-1.965305 25.261620 -391.887299 0
-22.289177 33.659283 -388.181030 -1
-5.302608 23.210484 -391.894073 1
-12.718787 19.320494 -391.017944 -1
-1.708463 2.181644 -391.856598 0
-26.269081 34.722439 -394.487854 0
11.343556 24.917349 -390.510834 0
-26.241814 38.937572 -397.993469 -1
-3.246104 11.916550 -391.556366 1
-23.305210 -8.696908 -396.821808 0
7.002712 29.550318 -390.950348 0
-26.792759 14.074518 -394.588776 0
2.150264 37.200386 -393.393402 0
-8.810586 34.668613 -388.105591 -1
8.012067 -7.786138 -390.218597 2
-6.853256 36.344257 -392.487946 0
9.563429 21.874916 -390.940918 -1
-16.663736 3.735273 -393.446655 0
-12.350922 -11.519001 -395.644043 0
13.937355 3.204533 -391.514526 0
-17.181013 9.657935 -393.488251 0
-12.786933 30.742760 -393.112976 0
-22.962662 19.319073 -390.989197 -1
4.949094 -11.882337 -390.566803 2
-22.521799 -7.397373 -396.758636 0
-21.213593 -5.837196 -396.595795 0
7.558221 34.609436 -393.203979 0
4.701064 -20.350241 -391.217072 0
-24.062977 29.966650 -396.458405 0
10.322192 19.554506 -390.581329 0
11.355566 9.850816 -390.924255 -1
-16.550344 29.280928 -390.769348 -1
3.676455 1.666289 -391.267029 0
7.514162 22.640703 -390.911896 0
-19.907906 -2.721996 -396.461945 0
-2.475284 -18.308138 -391.343719 2
4.701081 27.522552 -391.218536 0
-28.095945 22.604136 -394.740448 0
4.444477 11.905375 -391.189178 0
-4.710051 -19.039791 -385.418823 0
12.891722 22.129265 -390.914856 -1
-23.412035 30.057215 -394.243439 0
-15.692977 29.623514 -388.554871 -1
-25.592527 33.656261 -388.146149 -1
-6.069143 20.377466 -391.661469 1
-21.737782 -0.387287 -396.679779 0
1.624768 19.573547 -390.961670 -1
-13.044552 27.656055 -393.116211 0
-10.709412 2.185083 -392.474243 3
9.381287 3.998827 -394.046936 0
11.381805 38.847137 -391.827576 0
-15.530716 29.033211 -390.876984 -1
11.453115 2.453160 -394.282471 0
-6.271795 32.401104 -388.323700 -1
17.639170 29.859648 -388.319092 -1
-15.220739 -17.495501 -396.137299 0
-23.151825 22.315804 -394.210114 0
-14.597634 26.384285 -393.331818 0
-6.840588 12.691904 -391.762451 1
-18.864088 24.179476 -390.975739 -1
12.915247 39.083645 -391.628204 0
-2.475022 -15.745602 -391.302246 2
2.404305 -18.633133 -392.796356 2
0.088314 18.071117 -391.667969 0
14.685877 19.317575 -390.958893 -1
19.043341 22.437935 -396.367554 -1
1.626988 3.972939 -391.495911 0
-9.155529 21.164055 -391.989349 1
-22.374466 28.761431 -394.163086 0
-12.973875 19.830631 -390.986267 -1
-22.226370 31.237556 -396.125397 -1
-29.766705 26.066624 -396.328796 -1
-9.928860 17.578247 -392.108032 1
-12.600807 -11.769230 -395.352722 0
2.908187 10.117712 -391.352997 0
-30.934067 32.134502 -388.172791 -1
-17.442717 30.006428 -393.577301 0
0.344226 -8.056082 -390.926788 3
-18.220428 31.559101 -393.669434 0
-15.277042 25.456228 -390.937714 -1
-13.554298 4.759267 -392.963135 3
-4.491373 33.164894 -388.340790 -1
-2.993530 33.739887 -392.069397 0
-21.333170 23.335573 -394.006134 0
-7.432055 -12.304563 -395.929108 0
5.204745 -2.681423 -390.552429 2
-28.324467 -17.415327 -394.322021 0
17.697756 34.810795 -384.070190 -1
19.152657 34.664627 -388.060944 -1
-1.960842 19.575340 -390.997467 -1
-23.837343 -13.637672 -397.025879 0
-11.067111 -9.976448 -396.074768 0
12.854072 37.623226 -389.773224 0
7.802331 -18.620344 -392.526764 0
-3.523032 40.077625 -393.840851 0
-9.245135 -7.120961 -395.825806 0
-24.969542 18.195772 -394.369720 0
-9.412961 12.443614 -392.016724 1
-3.244552 -14.467778 -391.369141 2
-28.340654 35.244045 -394.547394 0
8.846635 28.950577 -393.228790 0
-18.486736 29.359690 -388.428314 -1
-5.290085 22.899828 -390.968567 -1
-23.020502 0.909952 -396.395355 0
-17.437275 6.824961 -393.454498 0
-24.709190 17.162104 -394.337524 0
-8.129694 18.601864 -392.050476 1
-0.168266 18.329029 -391.702484 0
-11.946534 28.266985 -390.892456 -1
-14.323641 16.584642 -392.883667 1
-2.735662 11.158238 -391.920441 0
-1.451605 5.258096 -391.810822 0
4.189178 27.782784 -391.278076 0
-24.353882 -8.440324 -396.967011 0
-29.430895 30.633831 -388.469513 -1
15.089156 35.435207 -388.156952 -1
-11.612446 31.635487 -388.283356 -1
-2.478836 -2.434258 -391.905273 0
-11.027487 39.127628 -394.656677 0
-28.355560 27.254702 -394.754913 0
-12.007967 -1.154919 -392.902527 0
1.895592 35.970604 -394.021698 0
-14.594330 11.195886 -393.242767 0
2.648913 24.176195 -390.922668 -1
-7.617054 -0.382817 -392.101471 3
-18.093439 28.269394 -390.925751 -1
11.342589 33.602894 -390.477509 0
-3.247032 21.915613 -391.668243 1
-18.477928 14.041442 -393.661438 0
16.357616 35.682961 -388.088989 -1
-22.211506 39.506016 -395.860474 0
-24.189167 13.031545 -394.282196 0
-2.222103 8.849669 -391.903015 0
-6.058384 21.364706 -390.967194 -1
-11.947732 24.944201 -390.931641 -1
13.381342 -6.510043 -390.257996 0
11.782069 34.160439 -388.102844 -1
-2.736157 22.703220 -391.991302 0
-13.129770 -2.716658 -395.684418 0
-4.743039 34.161793 -388.118225 -1
-22.891241 23.087318 -394.169586 0
-17.039879 -2.720197 -396.199890 0
9.046398 21.863186 -390.731262 0
5.681611 34.928802 -388.174683 -1
9.903716 -14.575868 -394.293091 0
6.490993 19.318554 -390.978729 0
13.943325 -4.739645 -391.682220 0
-14.595925 27.925341 -393.285736 0
-22.367624 5.803751 -394.042572 0
3.164750 26.253246 -391.378326 0
-3.753577 19.574585 -390.982391 -1
18.645979 34.921799 -388.096863 -1
11.453878 -7.609723 -394.308746 0
0.857823 9.354937 -391.583313 0
3.160704 26.475464 -390.877930 -1
-1.962153 -19.072260 -391.258850 2
-4.528191 -6.274961 -391.524200 3
0.858027 34.218678 -391.676422 0
-27.039139 33.941505 -394.412323 0
-24.578478 30.999460 -396.395447 -1
-5.095421 -12.298703 -395.740570 0
0.601403 16.788475 -391.641174 0
5.172585 33.655659 -388.139191 -1
-1.458249 40.568687 -393.604309 0
-8.140945 28.646868 -392.593048 0
-14.337918 31.012800 -393.275269 0
1.883068 -9.603027 -391.418457 3
13.587922 32.287239 -396.282745 -1
9.909196 -5.290196 -394.511230 0
-4.021995 26.563787 -392.181915 0
21.956745 18.927225 -388.200012 -1
-18.601723 26.473186 -390.844299 -1
-6.512853 -12.550763 -387.531342 0
5.970601 -3.958176 -390.444733 2
13.306692 34.412457 -388.080872 -1
-8.642139 21.933990 -391.996674 1
-8.895002 -19.356216 -391.824127 2
-17.443153 21.250320 -393.587128 0
-12.091546 -3.234127 -395.637238 0
-24.195078 37.551613 -394.378510 0
-13.995584 -18.799406 -390.909058 0
-10.249834 40.152477 -394.576447 0
-20.807302 34.406212 -393.822998 0
4.700578 11.904995 -391.176666 0
-24.351040 -7.400395 -396.920715 0
-27.874071 37.894283 -395.260925 0
-13.657040 -13.859529 -395.941803 0
-20.550768 2.708200 -393.850677 0
-1.195125 35.261276 -391.869598 0
-15.478438 -11.532027 -396.091400 0
-5.049745 -1.152833 -392.193054 0
-7.363314 38.120640 -392.267090 -1
-20.693218 -6.615515 -396.580719 0
-26.270203 17.169378 -394.504669 0
1.112278 28.776274 -390.861298 -1
-5.050762 26.826588 -392.272064 0
-12.527269 30.480278 -393.045441 0
-20.294825 25.906254 -393.890472 0
-26.278036 36.800133 -394.622345 0
13.664546 -2.173033 -391.046783 0
-22.711054 1.684436 -395.528259 0
16.101004 34.408066 -388.031372 -1
11.836045 -9.820432 -389.880829 0
-6.079876 31.967152 -392.354095 0
-3.757714 14.985780 -391.413269 1
-9.162454 -3.206731 -392.285889 3
-18.999109 23.321835 -393.774170 0
-2.989617 20.884480 -391.556915 1
-23.305635 -7.658362 -396.829071 0
2.392199 -14.958912 -390.818604 2
-21.718466 33.328262 -396.327301 -1
-4.264400 29.031446 -390.853241 -1
-3.973568 41.456646 -387.459808 -1
8.022720 -12.143218 -390.737457 2
-24.447298 8.645332 -394.279816 0
-30.944197 18.932096 -388.299927 -1
2.139590 9.863826 -391.440552 0
2.392731 27.244728 -390.905487 -1
-5.816093 -2.690662 -391.898041 3
-3.265442 41.371281 -393.888947 0
12.809705 32.547947 -396.299652 -1
-20.794394 -13.949766 -398.519684 0
-22.194746 21.878056 -390.997040 -1
-8.395909 -20.159613 -392.489838 0
-19.492298 37.965214 -393.316162 -1
17.669579 27.874760 -388.988525 -1
-23.927324 5.806415 -394.223450 0
-15.371771 30.504812 -393.361816 0
2.910217 37.802078 -391.626099 0
6.233195 23.917347 -390.873047 -1
-6.058988 20.855103 -391.006134 -1
-10.924037 22.131500 -390.954376 -1
-12.877164 -15.411969 -395.886993 0
-12.007311 -0.383578 -392.881073 0
-19.255621 13.271444 -393.744873 0
13.379564 -5.743152 -390.206146 0
-15.551869 -12.628427 -397.970489 0
5.977482 28.267147 -390.894684 -1
-15.552295 -14.191353 -397.981384 0
12.873690 7.026871 -390.368073 0
-12.507917 14.254615 -392.438263 1
-17.296656 -9.200339 -396.136749 0
6.736518 -6.000938 -390.365112 2
-14.334169 -1.670279 -393.172424 0
19.670923 31.633226 -388.255615 -1
-25.647831 -7.918867 -396.870605 0
-22.109152 10.187084 -394.036285 0
0.344894 33.450497 -391.684998 0
-9.387133 25.200624 -390.941071 -1
12.637362 18.806334 -390.967804 -1
-28.738111 22.443457 -396.465088 -1
-10.155301 21.107250 -390.937286 0
1.624353 -12.914398 -390.861877 2
-11.753782 34.077934 -393.009155 0
4.728964 39.789371 -393.538879 0
11.086689 12.139111 -390.473480 0
2.903643 -4.728261 -390.741486 2
-23.330395 -16.653275 -388.582336 0
10.319658 4.473735 -390.485443 0
3.676853 17.286379 -391.309357 0
-16.405869 15.835885 -393.443329 0
5.723963 17.531631 -391.068207 0
-14.667931 31.642630 -388.371033 -1
8.736905 29.353870 -388.351349 -1
-4.264295 32.099842 -390.843567 -1
6.481049 -12.643012 -390.379730 2
6.165126 35.040504 -386.604584 -1
7.002148 26.734047 -390.918884 0
11.342030 21.336897 -390.458282 0
4.187581 -20.089710 -391.128906 0
0.088150 22.130665 -390.939606 -1
-9.753686 -6.596142 -395.419373 0
-28.350203 -7.358623 -394.680298 0
-19.257933 30.795874 -393.792145 0
-12.371501 34.165310 -388.158173 -1
21.693697 31.615936 -388.043396 -1
5.429233 31.383593 -388.310455 -1
-12.514965 12.207067 -392.659424 1
-13.561961 33.064037 -393.185272 0
12.288642 33.647343 -388.043304 -1
-6.324941 13.455894 -391.614288 1
-15.938426 29.860771 -388.333710 -1
-15.113001 15.316679 -393.333282 0
5.467918 7.295550 -391.077301 0
3.376654 40.826004 -386.290771 -1
-4.776695 32.102196 -390.872223 -1
-23.411448 30.830393 -394.233551 0
9.818968 22.641117 -390.919037 -1
-9.245533 -12.301882 -395.842865 0
-27.672169 -7.643848 -396.076996 0
-28.083317 36.536411 -394.563049 0
10.831744 14.439881 -390.503662 0
0.088124 29.284994 -390.823639 -1
-19.516808 15.592969 -393.810669 0
11.198488 0.389209 -394.411011 0
12.602211 0.639867 -389.880310 0
12.122945 19.826090 -390.896729 -1
-12.267517 6.559444 -392.972260 0
7.768920 16.754381 -390.845856 0
-11.234932 8.357346 -392.870575 0
-1.708340 0.130257 -391.828552 0
0.344298 -10.616429 -391.008148 3
3.392489 34.160385 -388.102234 -1
4.188901 22.660418 -391.252258 0
-17.437506 7.854936 -393.459686 0
5.723928 15.228381 -391.065796 0
14.587060 27.573332 -388.328247 -1
-10.803767 -8.159231 -395.932129 0
-18.609753 23.925913 -391.013031 -1
4.693195 -6.003968 -390.562256 2
1.880399 31.334171 -390.863647 -1
2.651854 7.812953 -391.356720 0
-11.053728 -5.304740 -395.595825 0
0.344893 31.912535 -391.683746 0
-8.656702 36.102985 -392.657227 0
-8.389186 -1.666044 -392.175598 3
13.667393 -3.453213 -391.128235 0
12.869502 -3.190016 -390.241089 0
10.322100 -18.272308 -390.577850 0
-2.479241 29.883833 -391.969299 0
-8.361657 27.755136 -390.888672 -1
8.623138 -11.494124 -394.789551 0
2.652192 24.462248 -391.406586 0
-5.040832 14.476756 -391.500885 1
0.856432 -14.963874 -390.948242 2
-3.764545 31.435274 -392.124786 0
-4.580147 -12.048134 -396.016479 0
-5.821471 -0.382972 -392.260437 0
13.939264 12.429375 -391.568146 0
-20.026394 35.939945 -393.685852 0
-0.424266 -7.293016 -391.161438 3
-6.056965 30.056229 -390.875580 -1
-27.570486 7.619901 -394.621613 0
0.088201 -5.501293 -391.164856 3
-22.893791 26.959356 -394.213501 0
-18.479790 30.273495 -393.701080 0
12.484364 -8.639966 -394.223694 0
0.857862 10.124127 -391.601105 0
0.857785 20.628725 -391.565887 0
-0.424951 33.716057 -391.792480 0
0.601326 7.817636 -391.591278 0
-22.400682 24.382025 -390.122955 -1
-18.863422 -8.945771 -396.342957 0
-28.411549 29.361286 -388.449463 -1
-16.611614 40.820866 -386.242188 -1
12.167902 -12.449961 -392.346313 0
8.793742 24.429197 -390.877747 -1
-28.616337 13.306506 -394.785126 0
-0.168266 13.971588 -391.703064 0
7.771027 19.573059 -390.951904 -1
-25.475994 7.354021 -394.211639 0
-2.988096 -14.467359 -391.357788 2
11.969877 -2.707080 -394.289276 0
-5.800453 29.798054 -390.844177 -1
4.409145 33.650471 -388.079376 -1
10.573732 -19.286955 -390.422058 0
13.124469 10.599160 -390.221344 0
-19.249809 28.850950 -388.423187 -1
-4.013763 -9.345956 -391.379272 3
-19.894564 -9.720244 -396.196198 0
-7.437519 -9.980111 -396.220245 0
-1.964585 -12.943535 -391.743713 2
-5.332049 39.069450 -394.069916 0
8.280841 26.728628 -390.839691 -1
-14.947736 -9.969012 -395.779572 0
-1.450379 18.062439 -391.479889 1
0.344335 -10.105793 -391.050629 3
-4.270874 -5.761410 -391.446625 3
8.839775 38.441589 -392.923859 0
-2.222074 1.668976 -391.898010 0
-9.428641 6.040486 -392.669739 0
-16.339922 -13.675118 -398.116028 0
-22.478874 1.945591 -396.002411 0
6.790444 41.071888 -393.490021 0
2.905248 21.364176 -390.957489 -1
-29.969151 21.249004 -388.849915 -1
-16.411047 35.414059 -393.567535 0
9.811195 25.690468 -390.609558 0
9.819115 20.083330 -390.924866 -1
14.576303 33.901146 -388.041901 -1
-12.010951 25.076187 -393.000183 0
7.304785 -15.573638 -393.426697 0
-22.114408 27.985285 -394.129974 0
-16.404608 1.932869 -393.413116 0
-19.908827 -5.316600 -396.480255 0
-13.303310 25.600479 -393.153015 0
-28.180981 5.726226 -388.779022 -1
3.439717 39.013458 -393.505127 0
-6.826722 23.411497 -390.968384 -1
5.980431 18.300259 -391.087585 0
-0.168276 26.276634 -391.726990 0
14.844171 24.274328 -388.399780 -1
-21.167988 23.154886 -390.955353 -1
-10.448695 22.723310 -392.338165 1
0.088149 -9.079517 -390.934540 3
-0.937586 18.064182 -391.517670 1
-6.585879 15.259953 -391.876556 1
-22.266512 -12.852263 -396.840790 0
-9.430437 31.227953 -392.744537 0
-1.965691 34.243820 -391.964203 0
-10.459910 9.126018 -392.759277 0
2.392517 27.753843 -390.870483 -1
-16.300123 26.989059 -390.907379 -1
2.395656 10.630724 -391.383423 0
-17.839785 24.179668 -390.978851 -1
-7.099421 12.439410 -391.884277 1
1.883235 8.839512 -391.453217 0
-22.368534 34.168934 -394.058624 0
-30.940332 24.265057 -388.251434 -1
16.373522 20.211231 -388.466370 -1
-22.503540 -9.985570 -396.436951 0
-26.121452 19.193590 -388.449646 -1
4.437954 -12.395023 -390.615021 2
-11.493481 8.358216 -392.911469 0
-7.184590 -6.875112 -396.585541 3
-12.970723 28.011112 -390.891296 -1
-3.506805 -0.895811 -392.026855 0
-13.560037 7.333834 -393.129486 0
-3.764560 35.284382 -392.126373 0
1.880503 -18.286694 -390.885345 2
8.535924 23.912672 -390.796661 0
11.338790 -16.473457 -390.346741 0
12.112415 18.531012 -390.557190 0
-21.852589 13.797944 -394.064301 0
-28.612123 -11.750602 -394.726959 0
7.770084 26.477259 -390.904449 -1
9.245529 28.082743 -388.344604 -1
-22.263941 -16.226278 -396.794983 0
1.114432 21.912807 -391.618103 0
7.465815 30.628092 -388.396729 -1
-2.993038 25.525724 -392.004974 0
-12.265346 -0.126492 -392.902710 0
-3.764427 28.355209 -392.112457 0
-18.998119 19.713327 -393.753632 0
-5.821689 4.237542 -392.275085 0
-25.749853 22.329443 -394.451050 0
3.164814 27.278236 -391.386230 0
-17.560263 -4.535388 -396.229614 0
1.880927 21.876739 -390.973511 -1
7.557701 35.893482 -393.176910 0
3.932834 18.309010 -391.274628 0
-3.247851 22.177504 -391.767029 1
-14.078714 31.523951 -393.230957 0
-4.255151 -13.651735 -390.005493 2
17.281412 29.097437 -391.741669 -1
-17.960396 14.812773 -393.622162 0
-8.556734 34.416176 -388.122833 -1
-27.210236 -3.244515 -396.908051 0
1.624598 23.664459 -390.920807 -1
21.441595 34.920387 -388.081207 -1
11.086978 4.729238 -390.483673 0
10.844233 21.108150 -390.953918 0
-22.759966 -18.284372 -396.380127 0
-26.260714 -17.159040 -394.362183 0
21.185835 33.140308 -388.052887 -1
-19.516373 18.169573 -393.801880 0
-20.005926 -13.424640 -398.414001 0
5.459793 -3.958697 -390.496155 2
-22.531027 -0.127786 -396.921173 0
1.883338 9.608513 -391.474670 0
2.894404 37.851559 -389.498199 0
-6.594438 6.036118 -392.385864 0
-12.347039 -10.738922 -395.519653 0
-15.886661 4.506559 -393.350464 0
-24.963198 -19.477018 -394.269531 0
10.423900 -2.191833 -394.429871 0
0.088318 25.761127 -391.683899 0
-7.873922 -3.205231 -392.102417 3
8.024462 8.058029 -390.822296 0
17.629126 35.175858 -388.097931 -1
8.476892 34.159660 -388.093994 -1
14.577895 34.412754 -388.084259 -1
21.701979 22.483147 -388.191528 -1
-24.189163 17.159693 -394.282104 0
-2.220480 21.143942 -391.616852 1
4.956366 16.255114 -391.140717 0
-30.680614 29.849199 -388.183197 -1
8.072657 33.834564 -393.169586 0
7.002601 24.177523 -390.944153 0
7.512945 8.570095 -390.848541 0
-8.469371 -7.122729 -395.924042 0
-22.544256 33.914505 -388.194794 -1
-3.500920 17.032911 -391.369019 1
-15.887676 8.368089 -393.375580 0
-11.049876 -18.500612 -395.457977 0
-2.472577 23.919960 -390.915741 -1
-15.205759 -18.514154 -395.747437 0
-3.967473 41.139896 -386.865479 -1
10.330236 25.452841 -390.885681 -1
-5.822986 34.278614 -392.362488 0
-30.686657 25.027777 -388.259644 -1
-22.112774 26.435871 -394.100861 0
-7.872259 22.704861 -392.019592 1
-4.540208 37.121880 -392.563202 0
-28.915300 32.659962 -388.380157 -1
-13.391594 -8.673681 -395.762054 0
-3.249911 -1.152312 -392.015533 0
3.923132 35.887119 -390.309448 0
-14.592103 16.082687 -393.182770 1
7.044087 31.526299 -393.260254 0
-28.611752 8.913322 -394.721863 -1
-18.741060 37.236187 -393.772003 0
-4.278356 8.085041 -392.132385 0
-27.511297 5.284447 -393.774414 0
-1.451530 -0.382513 -391.790741 0
4.956938 29.568119 -391.185852 0
-22.374128 27.987215 -394.157166 0
-24.322021 31.522400 -396.447693 -1
4.188953 29.317471 -391.257050 0
20.082085 22.438126 -396.370911 -1
6.029343 35.736732 -394.286133 0
-25.756599 34.211918 -394.554352 0
-13.996359 28.525568 -390.930695 -1
-6.659078 -9.980410 -396.232086 0
-12.010983 24.819084 -393.001251 0
-24.195345 33.938976 -394.382874 0
-25.645721 -9.995671 -396.837952 0
-23.409121 16.124065 -394.194366 0
-26.106548 33.663361 -388.228027 -1
-1.960895 20.343468 -391.007965 -1
12.551437 26.809698 -388.309509 -1
20.335600 28.395220 -396.251465 -1
5.212215 3.713117 -391.112946 0
11.085993 27.212912 -390.448975 0
9.581096 6.537591 -391.663086 0
8.790603 36.182232 -390.738220 0
13.666338 3.201124 -391.098022 0
-27.013382 -0.126857 -394.036591 0
5.467913 8.575104 -391.076965 0
-10.202126 9.639567 -392.739868 0
-13.560442 -10.931608 -393.141235 0
4.437597 -9.582546 -390.583618 2
-9.159324 17.580212 -392.151886 1
-1.192061 30.311161 -390.864655 -1
-4.021694 29.127956 -392.152557 0
-15.677073 33.911560 -388.161102 -1
-13.227329 23.663656 -390.907532 -1
-2.735889 2.695151 -391.952972 0
-22.888033 16.894491 -394.114349 0
10.330419 24.685919 -390.892609 -1
10.680218 -0.385016 -394.353943 0
11.700929 34.934052 -385.430084 -1
-12.270299 26.623356 -393.061371 0
-3.249564 6.286277 -391.973663 0
8.736608 28.590513 -388.338135 -1
-21.591410 17.405624 -394.008728 0
8.279995 19.309711 -390.799744 0
-4.016465 -7.301989 -391.642731 3
10.066334 9.075407 -390.581116 0
-16.143288 37.966080 -393.325104 -1
-19.259153 27.339163 -388.611725 -1
-9.731599 41.179806 -394.523926 0
-24.707409 8.129921 -394.309113 0
-0.679952 30.309774 -390.846771 -1
-16.780910 -11.535573 -396.213226 0
-9.414930 18.604153 -392.098724 1
-18.044355 41.277744 -395.462250 0
-17.214426 41.051685 -388.426147 -1
-10.464460 37.670830 -392.930145 0
-4.021807 31.438381 -392.163544 0
11.452942 -6.577078 -394.276520 0
10.067993 19.302090 -390.645508 0
2.395778 1.410744 -391.403290 0
2.139750 25.490875 -391.469788 0
-6.336219 5.264829 -392.312561 0
8.541111 28.277231 -391.034149 -1
0.857047 -4.734159 -391.228912 3
-6.583274 20.380594 -391.721588 1
-13.621958 39.412628 -394.924683 0
-5.306455 -20.400248 -392.178375 0
8.024776 24.682446 -390.837616 0
19.304010 26.848722 -396.388641 -1
-8.127298 -18.079321 -391.934906 2
0.344303 -14.198764 -391.013611 2
-11.490824 38.174435 -392.820618 -1
-1.451564 -20.380556 -391.799866 0
-9.688460 32.258472 -392.775055 0
-22.631710 23.859726 -394.146484 0
1.894578 35.435963 -393.810944 0
12.290008 34.666904 -388.086456 -1
6.225584 -13.154465 -390.395813 2
-16.185680 34.673729 -388.162842 -1
8.530011 -9.581130 -390.525940 2
4.956209 8.576231 -391.128387 0
-9.571803 34.155411 -388.045715 -1
3.415481 -14.955617 -390.732513 2
5.715522 -8.047112 -390.491486 2
-11.490467 -0.897597 -392.808411 0
1.614857 27.590977 -388.576752 -1
-5.049865 2.183569 -392.202423 0
-4.792988 7.573248 -392.205536 0
13.666094 -19.064081 -391.091064 0
-10.461704 34.062107 -392.826630 0
-24.939434 0.646455 -393.894226 0
-26.010489 20.524376 -394.485107 0
-8.106228 26.222427 -390.918854 -1
19.569174 21.667061 -396.500183 -1
-18.173441 -15.766201 -398.291290 0
9.302539 -19.046930 -390.739227 0
8.073543 32.809040 -393.212738 0
4.182154 -12.395246 -390.622040 2
-22.651224 30.333876 -394.486328 0
-20.953222 -1.165743 -396.584869 0
9.867243 31.492687 -392.840973 0
-18.476978 4.767480 -393.641205 0
0.857996 32.423359 -391.662079 0
-2.989679 -3.200839 -391.565094 3
-9.130988 23.665541 -390.938660 -1
0.088315 1.411717 -391.673218 0
-6.139262 -10.757029 -396.186523 0
12.362259 22.098305 -390.367950 0
19.048128 22.962454 -396.467194 -1
5.706528 35.081978 -389.877014 0
-27.834261 27.508942 -394.696381 0
16.619490 27.569038 -388.267792 -1
7.768176 7.290535 -390.808472 0
-1.449002 -4.732700 -391.108337 3
11.401258 28.896717 -392.497253 0
4.441225 24.686569 -390.902924 -1
-26.914417 38.779766 -396.380493 0
-27.214230 -7.401245 -396.966309 0
5.723998 14.972659 -391.070587 0
-9.169912 2.442724 -392.605164 0
-4.784330 12.939491 -391.497009 1
-19.500526 28.083063 -388.349060 -1
-10.719286 5.014792 -392.836090 0
-19.776573 22.810667 -393.846466 0
-13.131982 -5.047852 -395.751068 0
-13.103875 39.152145 -394.903992 0
-0.681563 30.894327 -391.772888 0
-21.794544 26.817966 -388.429260 -1
-24.185711 6.580368 -394.225861 0
9.562823 23.919983 -390.916107 -1
0.600423 -14.198393 -391.003387 2
-25.479313 -14.574755 -394.263000 0
-15.277917 23.922674 -390.960083 -1
-28.615618 25.447779 -394.775177 0
7.512960 8.825876 -390.849365 0
2.136465 26.730619 -390.868774 -1
-0.680141 23.154898 -390.955536 -1
-23.305429 -7.138947 -396.825562 0
2.908141 2.434894 -391.346741 0
6.745557 26.731997 -390.888916 -1
6.491182 21.365957 -390.990112 0
8.794492 23.663870 -390.911072 -1
-24.450642 25.677364 -394.333740 0
-21.462177 -10.503133 -396.388824 0
-15.276463 22.641340 -390.922882 -1
-11.437733 20.599215 -391.005707 -1
-26.528051 37.046516 -394.496155 0
2.908672 28.305012 -391.418304 0
10.445393 34.957001 -385.683289 -1
-28.874750 30.356646 -394.782471 0
-15.369728 7.851938 -393.309540 0
-1.708556 8.079797 -391.878082 0
-13.300649 10.419434 -393.074371 0
-3.503749 22.172876 -391.685272 1
-22.469763 40.540283 -395.841888 0
-1.192421 20.598007 -390.982788 -1
-9.236298 -6.079067 -395.447479 0
4.948646 -8.047936 -390.531494 2
1.370678 10.378668 -391.536469 0
10.519306 28.850151 -388.412445 -1
-7.625706 31.982855 -392.546814 0
-2.475057 -15.233699 -391.307770 2
-1.449985 17.545324 -391.373657 1
-27.300089 37.042152 -394.449707 0
20.943085 19.692616 -388.265106 -1
-22.114651 29.533068 -394.134308 0
-14.699428 -11.531538 -396.074615 0
4.441441 22.641283 -390.921906 -1
-22.891806 23.345827 -394.179291 0
-5.288643 29.543636 -390.861969 -1
-20.555498 33.127617 -393.941315 0
17.898991 18.938799 -388.437347 -1
-28.356022 10.980797 -394.761322 0
-0.168143 -3.968027 -391.416534 3
0.600247 -7.032138 -390.888458 3
-26.517471 30.838625 -394.338806 0
-29.260096 27.894100 -396.499878 -1
-0.424854 6.281937 -391.703064 0
-11.216969 13.220803 -392.242432 1
-15.629937 35.911491 -393.374176 0
1.112427 23.664036 -390.913818 -1
1.370649 8.584995 -391.528046 0
7.246699 -11.618764 -390.298279 2
-25.714170 -0.126815 -393.904419 0
11.342202 24.403353 -390.464203 0
-26.001354 -17.158361 -394.346588 0
-18.736059 13.526423 -393.666901 0
4.182448 -17.253132 -390.649506 2
-11.495631 34.075836 -392.984955 0
-9.944029 4.242209 -392.707092 0
-17.439157 6.310707 -393.496979 0
-20.170166 -7.133309 -396.512146 0
-5.304459 -1.408893 -392.030884 0
9.556605 10.611127 -390.661926 0
7.066898 -14.584766 -394.533783 0
-11.521480 -18.941736 -393.868622 0
-17.840288 23.924496 -390.989868 -1
-17.178493 0.130790 -393.430542 0
-19.391129 -11.284910 -396.515778 0
-21.215887 -7.395137 -396.638702 0
-18.348022 -17.508263 -396.426239 0
-22.370867 18.956984 -394.099701 0
9.045978 14.958974 -390.713135 0
-20.033691 11.985724 -393.829285 0
-21.543947 25.551630 -388.498627 -1
14.174811 19.319120 -390.990204 -1
-3.744837 32.291721 -390.071930 -1
6.490249 22.386162 -390.933899 -1
-28.349491 18.209646 -394.670410 0
-22.781656 -5.839582 -396.757874 0
-5.616265 -18.262604 -395.908234 0
-14.077289 23.030008 -393.191162 0
-27.315256 27.765284 -394.668854 0
-1.450399 19.599766 -391.485321 1
-6.595857 -20.415434 -392.470337 0
-8.904730 -4.233185 -392.252625 3
-4.021239 3.465979 -392.108246 0
-15.889604 24.588291 -393.423309 0
2.139658 23.184359 -391.452972 0
10.831671 25.427795 -390.501038 0
-9.131385 23.410736 -390.955658 -1
-8.896526 19.620089 -391.891266 1
0.344503 -4.734305 -391.240906 3
-21.283911 26.053289 -388.397369 -1
-5.051163 33.760006 -392.303223 0
-16.925692 36.184601 -393.544861 0
14.326073 34.418510 -388.149139 -1
3.161169 23.153706 -390.935425 -1
-0.426851 39.274857 -393.544159 0
1.114248 -20.111526 -391.553650 0
13.849468 31.773094 -396.338776 -1
9.307927 21.364616 -390.965576 -1
-21.850527 16.117226 -394.027130 0
-26.782417 4.002780 -394.436462 0
-20.894236 -19.063532 -385.899384 0
13.688763 38.582092 -391.739807 0
-8.131317 -2.435646 -392.128754 3
-16.447611 29.607416 -388.343719 -1
21.443174 26.033998 -388.109802 -1
11.331931 6.256398 -390.110596 0
-16.145609 0.130774 -393.381622 0
-24.700117 -19.215275 -394.192749 0
3.929651 19.829195 -390.957947 -1
-17.838419 22.898676 -390.948914 -1
-10.806779 -12.048926 -396.042511 0
-15.279240 21.110310 -390.993927 -1
-5.564508 2.183888 -392.259705 0
1.891908 40.532791 -393.256073 0
-25.103601 21.735498 -388.449280 -1
10.855498 -12.674761 -391.360046 0
0.861726 39.514351 -393.364655 0
2.885391 31.889732 -388.285309 -1
18.279301 28.796089 -391.130432 -1
21.952524 24.003199 -388.125366 -1
-1.961740 -9.853066 -391.176392 3
-24.872898 -5.842412 -396.950165 0
-1.194342 -19.602041 -391.612854 0
10.831710 15.973051 -390.502411 0
-18.738152 34.396412 -393.710846 0
7.768747 18.288540 -390.837189 0
4.440915 26.731087 -390.875610 -1
-8.138912 8.349357 -392.495026 0
2.139756 21.392231 -391.470886 0
5.715139 -11.368227 -390.465363 2
-14.253227 23.410534 -390.952271 -1
-12.001194 11.436852 -392.680939 0
-8.397616 2.442503 -392.569672 0
-19.771074 1.161502 -393.736938 0
2.648810 26.221668 -390.907562 -1
-27.142433 31.144270 -388.494781 -1
-24.858965 -13.887043 -396.727814 0
-16.923441 17.125328 -393.492554 0
3.164494 22.665878 -391.346558 0
-13.559317 23.796900 -393.108612 0
5.721725 26.989607 -390.915283 -1
-0.938174 3.462930 -391.763214 0
18.399054 33.411282 -388.250916 -1
-14.849780 3.732798 -393.185944 0
9.562235 25.709049 -390.892090 -1
-7.083747 32.114250 -391.019043 0
-29.262140 28.933966 -396.527618 -1
-27.880405 33.655727 -388.139984 -1
-5.814322 -6.022668 -391.778687 3
15.607956 21.733440 -388.412537 -1
-2.988925 19.854980 -391.466339 1
-24.448038 7.613532 -394.291779 0
-22.513571 -9.211416 -396.613678 0
-17.960020 15.585180 -393.613953 0
21.947033 32.376453 -388.028259 -1
-19.477287 -12.898795 -398.277557 0
-28.727821 22.176075 -396.323120 -1
-11.948559 22.899250 -390.958710 0
-10.541163 -18.578150 -386.308319 0
-1.451749 8.079213 -391.849731 0
0.604032 38.998413 -393.353394 0
12.392665 14.214289 -391.328064 0
-24.839956 29.445259 -396.424438 -1
6.814447 -16.406408 -394.880951 0
11.867755 22.641485 -390.925385 -1
-23.412182 24.123732 -394.245911 0
-24.436968 -1.158478 -394.113190 0
-28.616417 11.756507 -394.786194 0
-8.141240 31.730865 -392.607269 0
3.677003 29.834740 -391.325378 0
13.671349 9.090750 -391.241455 0
13.383011 10.346069 -390.306671 0
13.375403 35.866463 -390.084778 0
-15.631448 28.191759 -393.412201 0
4.437769 -4.982133 -390.598755 2
-13.045890 31.775259 -393.156555 0
-24.712235 24.906542 -394.386108 0
-15.996203 -6.347699 -396.062683 0
-5.299333 -3.970414 -391.652008 3
-24.502678 21.624672 -391.041779 -1
0.346368 38.741547 -393.358826 0
-27.623938 33.653027 -388.108856 -1
21.704470 21.215464 -388.236084 -1
13.667819 -2.429507 -391.140411 0
-24.449425 20.515478 -394.314117 0
17.635511 34.172382 -388.238525 -1
-8.140083 3.983651 -392.551453 0
-26.008678 11.488598 -394.457642 0
6.491022 5.502801 -390.980438 0
-3.757732 17.803318 -391.415131 1
2.651889 13.447225 -391.361969 0
9.247058 28.849884 -388.408844 -1
0.857277 -11.393513 -391.333862 2
-7.083474 18.808075 -391.003998 -1
-9.506190 -8.417624 -395.899384 0
-16.508615 -10.749450 -395.907410 0
5.758825 39.265457 -393.450012 0
-5.307250 24.000816 -392.237183 0
-18.302513 40.758198 -395.442993 0
13.669971 10.369803 -391.202026 0
-28.094164 17.695135 -394.715424 0
-20.938423 -18.540230 -396.304779 0
11.830967 36.597389 -389.713562 0
6.490918 21.109243 -390.974182 0
2.392193 -17.516294 -390.817535 2
7.258040 23.919552 -390.909088 0
-15.628835 17.118971 -393.346436 0
-1.708398 9.361111 -391.841766 0
-27.556190 37.297176 -394.416992 0
-14.595785 29.211847 -393.281982 0
-6.918300 -7.646474 -396.213074 0
-0.423944 27.241829 -390.863861 -1
0.856456 19.573425 -390.959198 -1
7.513499 13.174794 -390.877411 0
12.352289 -17.226791 -390.053101 0
11.342717 30.792524 -390.481934 0
-17.839039 25.457842 -390.962494 -1
-15.632153 27.420675 -393.429962 0
-19.258028 25.384535 -393.794098 0
-8.541872 41.455456 -387.448669 -1
-25.487953 21.552113 -394.396698 0
-16.407110 18.411884 -393.473145 0
7.000851 28.775183 -390.846466 0
1.370713 10.122716 -391.546539 0
-9.945033 6.298675 -392.746765 0
2.656989 -0.382830 -392.114532 0
-14.693209 -5.308914 -395.907043 0
-11.434189 28.777985 -390.884521 -1
4.188440 15.233964 -391.209167 0
-1.449395 -19.070087 -391.214294 2
-8.645811 -2.179237 -392.163208 3
-26.798761 2.972151 -394.677185 0
-1.716362 39.802467 -393.668365 0
17.879011 34.151714 -388.003754 -1
-25.591789 29.932259 -396.003418 0
-18.848871 -18.268555 -396.037231 0
-8.131289 -2.692237 -392.127411 3
-0.936325 19.575035 -390.991394 -1
-22.894152 30.571342 -394.219696 0
0.856334 24.942417 -390.903717 -1
-26.263077 -18.967180 -394.397675 0
0.601312 3.717571 -391.582062 0
1.624445 -13.426698 -390.883911 2
-7.872375 18.344139 -392.025391 1
-22.781563 -3.762531 -396.756256 0
-12.517677 4.242613 -392.744507 0
-11.743767 0.901410 -392.674286 3
-9.927591 20.141541 -392.057922 1
-4.020947 5.261704 -392.079712 0
-13.811752 2.187811 -392.964294 0
-7.661776 41.425339 -394.403625 0
4.697572 23.920616 -390.926483 -1
-14.857787 35.656231 -393.397949 0
-10.285601 -16.710066 -395.953308 0
-6.596586 37.374046 -392.513641 0
2.135961 30.815760 -390.776550 0
-5.817803 10.134783 -392.013306 1
0.601301 2.436314 -391.575043 0
5.212339 21.117235 -391.122223 0
-11.836628 -14.630808 -395.779266 0
-17.562977 -11.537833 -396.290833 0
12.544704 34.922188 -388.101196 -1
-14.069021 2.444933 -392.960205 0
-14.077421 13.510203 -393.194855 0
-9.428293 4.241649 -392.655243 0
14.068237 34.155834 -388.050537 -1
-3.980134 34.668125 -388.100128 -1
-17.011847 -16.434128 -395.548096 0
11.710940 -3.480927 -394.267242 0
-11.471284 17.067015 -392.152649 1
-5.557170 21.919764 -391.742432 1
-1.965471 29.880108 -391.920441 0
13.315393 26.049080 -388.334625 -1
8.231006 27.584642 -388.487549 -1
11.343672 4.218527 -390.514801 0
8.587664 30.232307 -393.165466 0
20.183525 30.622946 -388.331451 -1
-25.608837 20.207441 -388.393524 -1
-6.826128 22.130367 -390.934357 -1
-15.701167 38.919624 -395.166901 0
7.002010 7.548254 -390.911163 0
-4.776870 28.010777 -390.886627 -1
-16.408112 30.000315 -393.497131 0
-2.216290 29.033272 -390.877808 -1
-22.528486 -15.969902 -396.876434 0
11.850963 9.581455 -390.372223 0
5.715138 -3.958384 -390.465271 2
-27.946106 28.916073 -396.282379 -1
-24.709019 2.453485 -394.334778 0
-1.451713 23.463697 -391.840118 0
-5.813786 17.818214 -391.742615 1
-21.395035 33.487728 -395.148743 0
-11.574946 -14.627744 -395.696411 0
7.044345 40.534706 -393.274658 0
21.699615 18.924753 -388.149292 -1
7.967165 33.646336 -388.031677 -1
8.535923 27.492870 -390.796631 0
20.936991 25.528843 -388.152130 -1
8.072599 30.489687 -393.166779 0
-21.775825 33.651882 -388.095642 -1
-6.056719 29.543470 -390.859741 -1
-5.301063 -4.228083 -391.779907 3
-12.843008 39.403870 -394.836914 0
-7.595812 19.575869 -391.008026 -1
-24.033749 -18.265770 -395.976868 0
-3.506590 10.904066 -392.002838 0
9.045708 7.544205 -390.701447 0
-23.411036 30.313906 -394.226624 0
-24.710882 24.389053 -394.364563 0
-16.143662 6.050707 -393.334198 0
-16.409964 36.956867 -393.541534 0
-7.368215 30.953890 -392.528168 0
19.440126 34.777267 -383.700256 -1
1.613099 34.672924 -388.153809 -1
9.091120 38.929958 -392.662903 0
11.845096 33.577206 -390.178986 0
-12.267100 11.187804 -392.958893 0
-15.733820 -9.196901 -395.988708 0
11.851917 18.268253 -390.403656 0
-17.529200 -0.644988 -395.528687 0
-21.997204 -8.693626 -396.672119 0
-3.764846 35.800297 -392.156128 0
-26.794567 26.212160 -394.615417 0
-9.901135 20.343735 -391.013123 -1
-19.747452 33.915161 -388.202301 -1
14.453354 35.125900 -384.768799 -1
6.235616 25.973660 -391.024872 0
-15.790466 24.946564 -390.968689 -1
-22.112415 16.377865 -394.094452 0
-1.194821 13.717604 -391.769806 1
-11.016791 -2.964978 -394.273895 0
-27.310055 9.168641 -394.593689 0
-4.778061 20.598072 -390.984039 -1
-2.984983 21.107943 -390.950073 -1
6.016268 39.263573 -393.431122 0
-25.460285 -1.158052 -393.968567 0
1.880084 30.561743 -390.798279 -1
-27.671335 19.464064 -388.774811 -1
8.539727 19.062319 -390.970764 -1
-5.801399 25.710091 -390.907928 -1
2.908146 2.690987 -391.347443 0
-6.524677 33.409904 -388.234894 -1
7.257967 9.850333 -390.905090 0
13.378983 3.959678 -390.189178 0
-16.815239 22.388611 -390.976715 -1
-8.105268 30.311769 -390.872498 -1
8.818870 -16.286489 -391.994659 0
-21.018410 34.422379 -388.192780 -1
-28.221357 25.299658 -396.502472 -1
6.991225 0.895981 -390.309021 2
2.122554 32.401112 -388.323761 -1
16.616159 34.422131 -388.190002 -1
-2.490257 40.579678 -393.710968 0
-2.222263 23.469158 -391.931274 0
-25.744572 -19.740055 -394.370117 0
-20.430172 -8.690235 -396.517364 0
-6.844498 -2.434761 -391.986389 3
-7.108702 5.522732 -392.396545 0
-18.610910 19.577337 -391.037354 -1
-23.642298 1.419300 -393.777252 0
-6.841460 -17.304489 -391.812408 2
-1.451703 20.643024 -391.837280 0
13.125600 25.156399 -390.254974 0
-1.194887 9.359908 -391.791382 0
12.363053 21.333330 -390.393036 0
11.850963 17.244982 -390.372253 -1
-20.822948 31.853058 -394.119171 0
-14.767365 -13.147115 -397.905182 0
-14.953200 -7.381816 -395.924255 0
-14.338110 19.689642 -393.280518 1
-14.337398 28.438267 -393.261017 0
4.729148 40.048450 -393.554169 0
19.671970 32.397148 -388.276276 -1
-17.328917 20.087679 -391.009521 -1
2.648160 -14.191426 -390.811523 2
1.626940 10.889643 -391.484344 0
-7.108808 8.860946 -392.402405 0
-24.963800 4.259190 -394.279053 0
-27.820204 37.304752 -394.497070 0
-7.873903 -4.231553 -392.101471 3
-27.970207 40.101315 -396.624146 0
-13.805641 14.267406 -392.790405 1
-17.963455 36.455498 -393.689239 0
6.272699 32.563114 -393.350281 0
8.795955 18.806732 -390.976105 -1
13.937095 -13.704301 -391.507202 0
2.150451 39.005775 -393.427643 0
-5.544689 26.985970 -390.862610 -1
2.375601 34.414768 -388.106964 -1
-16.665548 33.089615 -393.489410 0
-6.571236 19.319864 -391.005249 -1
-2.222116 6.541634 -391.905304 0
-10.544024 -7.899853 -395.917694 0
-22.110970 14.313837 -394.068695 0
7.513891 25.709423 -390.897766 0
-18.739088 25.895737 -393.730560 0
12.848048 37.095715 -389.590546 0
20.088327 21.147816 -396.494141 -1
12.617172 30.526152 -390.343170 0
4.444236 13.440558 -391.167938 0
10.321255 24.408457 -390.545868 0
-13.651738 -8.674252 -395.788086 0
-2.992807 5.773296 -391.974823 0
-22.369104 7.093484 -394.068665 0
-22.323689 37.102043 -397.859833 -1
-26.271904 35.242516 -394.530243 0
1.627114 26.006966 -391.526276 0
-15.112354 12.742249 -393.316467 0
5.980023 34.164898 -391.060883 0
-19.900778 -18.022253 -396.319946 0
0.856475 20.341379 -390.967834 -1
-13.559078 -1.412741 -393.101715 0
4.956253 3.969244 -391.131805 0
-0.424833 -1.407646 -391.683929 0
-26.534319 25.177588 -394.589325 0
-4.021396 27.842813 -392.123474 0
-6.314566 21.109119 -390.971893 -1
-15.889905 29.995256 -393.430786 0
9.649812 -13.033685 -394.472168 0
-14.596511 28.698565 -393.301544 0
-7.338963 20.853167 -390.969849 -1
13.945712 31.405169 -391.749268 0
-10.979581 35.357792 -392.942230 0
-22.765036 -9.726923 -396.468414 0
-24.074957 40.364079 -396.655823 0
1.624289 -6.775620 -390.846405 3
-6.883322 41.147022 -394.209839 0
-8.656093 30.704960 -392.629608 0
8.073005 32.034973 -393.186523 0
13.378948 -8.296192 -390.188171 0
-1.451908 34.750458 -391.892609 0
-16.667833 29.746317 -393.543396 0
-0.681540 25.509741 -391.759521 0
19.827471 22.443821 -396.471527 -1
-21.851460 16.375767 -394.043945 0
5.203523 -18.522339 -390.460754 2
10.166008 -7.354302 -394.448547 0
-27.193384 39.326466 -396.662231 0
-27.037727 30.842760 -394.391724 0
-8.381854 13.206998 -391.832855 1
5.221279 1.412148 -391.793030 0
-13.912369 -6.861962 -395.826965 0
-16.926193 33.867867 -393.556549 0
-12.886241 33.419403 -388.345306 -1
-27.495172 -1.947643 -397.268372 0
-4.777309 26.222673 -390.922546 -1
-22.528229 -16.229424 -396.871887 0
-0.424300 -10.365446 -391.192505 3
-22.259920 -6.358288 -396.723358 0
-8.105517 31.080061 -390.884552 -1
5.204506 -2.170186 -390.534485 2
13.666735 -5.500513 -391.109406 0
-0.680723 -10.624074 -391.289734 3
12.659050 17.044651 -391.638794 0
13.122811 -11.359687 -390.172058 0
-1.965285 0.643155 -391.883392 0
21.186785 31.872072 -388.070312 -1
0.344866 22.939907 -391.652832 0
-16.859072 -13.412668 -398.058685 0
5.171865 34.158882 -388.085175 -1
20.686924 21.723276 -388.230865 -1
-8.138094 -19.901037 -392.455566 0
-16.409128 28.457104 -393.521515 0
3.415517 -7.285097 -390.736694 2
2.648093 -17.259853 -390.801758 2
-25.748356 11.229632 -394.428070 0
9.557789 6.777361 -390.710358 0
-22.211193 40.023541 -395.854919 0
-14.495989 -15.218897 -397.610992 0
7.513535 24.429293 -390.879242 0
-10.203475 6.299397 -392.791779 0
0.601436 28.322704 -391.662964 0
8.073022 33.578800 -393.187347 0
-12.631621 31.131714 -388.338165 -1
12.121741 23.660652 -390.857910 -1
-26.789801 9.942059 -394.545197 0
7.768780 13.173494 -390.838837 0
20.434242 31.379667 -388.261902 -1
-8.656772 31.221266 -392.660431 0
-11.235568 9.129121 -392.892822 0
12.870720 10.345310 -390.278015 0
10.080466 26.492500 -391.129486 0
0.857857 20.374195 -391.598572 0
-1.708406 3.720053 -391.843506 0
-2.738035 36.579876 -392.260437 0
-21.425175 22.900217 -390.975220 -1
-1.965302 9.875067 -391.886658 0
-11.433139 31.077206 -390.848633 -1
-14.922596 41.241386 -395.113922 0
-4.021565 27.587378 -392.139984 0
-13.141616 31.388767 -388.374481 -1
-18.998280 27.443466 -393.756958 0
13.939086 4.742312 -391.563110 0
4.437974 -10.605803 -390.616791 2
0.596218 32.904350 -388.264984 -1
-1.451228 -13.455049 -391.709290 2
-25.751318 23.621386 -394.473450 0
-26.011126 29.818228 -394.494781 0
8.279779 24.935131 -390.789520 0
-10.924671 19.062626 -390.977081 -1
1.112170 30.819447 -390.823303 -1
-20.406288 40.819893 -386.232941 -1
-7.698603 -9.722774 -396.299347 0
-26.016989 9.426616 -394.583679 0
-12.458447 29.801252 -390.886139 -1
9.301954 37.458424 -390.714630 0
-12.514523 3.727667 -392.645538 3
-17.562393 -8.684982 -396.277679 0
-30.433290 24.012266 -388.271973 -1
-15.738370 -11.013968 -396.103210 0
-17.382051 -12.371796 -398.092529 0
-8.646065 -0.382888 -392.174744 3
-7.101366 -4.743389 -391.991608 3
13.310261 34.675705 -388.184937 -1
-15.816734 -13.673725 -398.075470 0
9.647458 -15.353141 -394.375885 0
16.101894 34.663902 -388.052826 -1
-0.938258 20.640974 -391.798370 0
3.164745 24.460442 -391.377655 0
-12.008040 10.672051 -392.904938 0
-14.695714 -8.419222 -395.974548 0
-2.479099 22.957127 -391.946838 0
-2.222229 -1.152046 -391.925232 0
0.344887 24.479162 -391.677216 0
-0.681610 27.307072 -391.799957 0
-23.046581 -15.968613 -396.844391 0
1.883302 5.765819 -391.467163 0
-20.437868 -17.259314 -396.666718 0
-15.474098 -1.941328 -395.980347 0
-22.782734 -7.397708 -396.776611 0
-18.864845 21.621887 -390.991425 -1
-3.506944 2.182679 -392.042419 0
-24.348654 24.794382 -388.583679 -1
-20.035263 31.316662 -393.860199 0
-19.865826 41.035732 -395.623901 0
-14.252798 25.456409 -390.940491 -1
-15.629415 20.208487 -393.361053 0
-11.829020 -3.750853 -395.524872 0
-25.208694 0.904614 -394.069855 0
4.188172 1.409954 -391.184143 0
-0.938206 7.564969 -391.776794 0
-10.805266 -7.642113 -395.987061 0
-3.759127 12.429129 -391.560394 1
-4.556446 39.832680 -393.967224 0
-4.998834 33.410259 -388.239014 -1
-9.412468 20.907909 -391.996185 1
3.673276 29.548681 -390.928711 -1
-9.160258 16.042154 -392.191833 1
-21.169426 19.574560 -390.981903 -1
3.932943 28.551456 -391.285492 0
-14.854185 22.264429 -393.302582 0
-5.299781 21.660248 -391.685120 1
-27.585091 1.681465 -394.830627 0
5.466771 19.319370 -390.995239 -1
8.027488 20.341475 -390.969666 -1
19.819902 28.140802 -396.320221 -1
-1.962154 -6.526740 -391.258881 3
7.301525 39.245605 -393.251099 0
-25.980627 -1.416085 -394.032196 0
-1.706375 -9.089810 -391.377686 3
-20.689730 -7.392809 -396.513824 0
-28.097160 11.497333 -394.757538 0
1.104717 33.407265 -388.204193 -1
-22.708872 21.623981 -391.029327 -1
6.746738 7.293312 -390.957367 0
-2.472563 23.664017 -390.913483 -1
-13.301945 23.282656 -393.112671 0
-14.334829 6.563087 -393.190521 0
-21.077503 31.074018 -394.051544 0
7.258731 26.480093 -390.946289 -1
-28.740993 24.780882 -396.504852 -1
7.246274 -7.787270 -390.275330 2
11.627054 11.144648 -391.443085 0
0.604119 39.261501 -393.410339 0
-8.914898 29.939583 -392.700531 0
2.392641 25.197382 -390.890747 -1
-6.843449 18.595972 -391.926300 1
-14.595200 12.997966 -393.266235 0
-22.108730 9.929047 -394.028809 0
-11.221141 11.428329 -392.388336 1
-20.294283 22.297113 -393.879944 0
-26.005281 -15.870500 -394.406128 0
-19.888433 24.946888 -390.973755 -1
-27.055529 23.890289 -394.651367 0
13.379195 16.726498 -390.195374 -1
13.379334 -7.785755 -390.199432 0
11.610953 23.663261 -390.901031 -1
-16.520855 -11.535214 -396.200897 0
8.279675 -19.560583 -390.784607 0
-14.338688 34.617569 -393.296387 0
-18.341524 -17.761381 -396.285828 0
-15.888447 8.111067 -393.394684 0
-29.914015 33.655251 -388.134521 -1
-17.584305 28.274254 -390.992950 -1
-13.556280 -20.186872 -393.020569 0
-4.021635 29.897367 -392.146851 0
-17.442247 23.824629 -393.566681 0
-17.580606 26.989288 -390.910706 -1
-9.945629 28.402781 -392.770294 0
-12.350791 -9.706594 -395.639832 0
-27.318541 2.197565 -394.716309 0
5.209877 21.874725 -390.937500 -1
-12.010240 25.846169 -392.976929 0
-2.216281 25.963787 -390.876251 -1
0.088136 26.731417 -390.880432 -1
-23.016443 33.068760 -396.325470 -1
12.818451 33.449333 -388.693054 -1
-23.671238 24.640539 -394.259308 0
-2.728495 25.453362 -390.893646 -1
-1.695552 32.194313 -388.895294 -1
-7.359144 -4.230943 -392.044922 3
-27.823284 35.243454 -394.540771 0
20.936102 28.321619 -388.135651 -1
1.114369 30.367889 -391.596191 0
-15.889133 34.112835 -393.411652 0
13.943152 25.504393 -391.677368 0
2.139599 20.366058 -391.442200 0
-21.335390 29.784391 -394.047150 0
-25.197130 -0.126810 -393.889069 0
-8.323245 -13.365181 -389.093018 0
-17.185036 28.718908 -393.580353 0
-1.963347 19.856533 -391.496948 1
-0.943291 41.630219 -393.900177 0
-27.833849 11.237105 -394.690552 0
4.700807 28.800896 -391.195709 0
-16.922850 9.400220 -393.478790 0
14.578454 35.175964 -388.099121 -1
-19.256725 18.683331 -393.767456 0
-14.595047 14.541881 -393.262085 0
-20.024458 35.678875 -393.647766 0
-8.133021 -0.896232 -392.210907 3
-27.175987 41.376514 -396.408478 0
21.707275 19.185518 -388.286285 -1
-25.754185 7.876051 -394.517364 0
8.790485 12.402864 -390.732971 0
10.164038 39.873619 -394.372101 0
-23.754877 -1.163002 -395.652374 0
-23.828243 -6.620413 -396.874329 0
-31.193363 27.566730 -388.235291 -1
-19.143349 -16.744265 -396.763672 0
-3.243758 -10.111547 -391.273285 3
15.101487 24.787395 -388.474152 -1
-5.791499 32.305702 -390.240845 -1
5.212162 3.457147 -391.108978 0
-21.169130 19.830135 -390.976471 -1
0.344873 28.578844 -391.660828 0
1.114256 22.421804 -391.556366 0
-11.838187 -12.560549 -395.831390 0
-13.130370 -9.190253 -395.702484 0
9.812588 37.453671 -390.665039 0
-28.078243 -15.615798 -394.491760 0
0.344321 -16.246574 -391.033966 2
-4.556615 41.123226 -393.981842 0
-26.880592 32.660667 -388.388519 -1
-16.299433 27.499495 -390.890778 -1
-17.441120 2.448548 -393.541290 0
7.001903 11.129334 -390.905212 0
2.395929 7.045951 -391.428040 0
6.747872 26.229418 -391.023071 0
21.191412 26.799034 -388.155060 -1
-10.442669 14.755938 -392.111877 1
-17.956860 7.856633 -393.544678 0
-0.680087 26.478624 -390.924591 -1
-24.711260 13.292533 -394.370544 0
11.280071 27.319010 -388.325287 -1
-3.249779 22.703703 -391.999603 0
-9.673822 18.094816 -392.181641 1
10.066135 27.221584 -390.573425 0
-1.706174 17.287369 -391.331787 1
-17.184587 20.991858 -393.570099 0
7.246551 -8.042965 -390.290283 2
4.693542 -10.605105 -390.591095 2
-13.916962 -13.600979 -395.957642 0
-21.451021 41.135368 -386.822906 -1
-8.655879 26.079611 -392.619904 0
5.210330 21.364939 -390.971466 -1
4.698059 21.620539 -390.967041 -1
-23.150076 18.960861 -394.180328 0
-10.026240 -14.119052 -395.953766 0
-19.255728 11.467902 -393.747040 0
-8.908315 23.754642 -392.410553 1
-9.430619 35.083679 -392.752106 0
-8.684844 38.540386 -393.933685 0
10.076205 19.829510 -390.964142 -1
-19.626530 25.706833 -390.858368 -1
-5.821473 -19.891148 -392.260559 0
-8.986682 -10.748234 -395.862610 0
8.538201 25.198036 -390.900909 -1
5.703052 35.315582 -389.639557 0
-18.344313 -8.427121 -396.346069 0
-8.912711 4.241098 -392.604218 0
-19.146542 -6.359994 -396.829834 0
1.370595 15.758174 -391.512604 0
-13.554212 20.445059 -392.960602 1
-14.188062 -14.649508 -396.285126 0
-29.263397 25.821329 -396.544647 -1
0.344360 -9.850615 -391.079102 3
-16.303949 19.575422 -390.999115 -1
-24.180260 -1.158547 -394.136993 0
-2.478899 3.464273 -391.915222 0
-21.327616 3.739610 -393.903564 0
-0.423917 31.076498 -390.839722 -1
-10.461533 8.099223 -392.820221 0
-22.783361 -4.541774 -396.787567 0
-19.508282 29.365370 -388.503479 -1
-13.391356 -3.753036 -395.755035 0
-10.976753 8.613784 -392.841003 0
18.147614 32.908394 -388.312683 -1
-23.546719 40.089916 -396.511414 0
-24.924267 32.330711 -393.654633 -1
-13.298146 1.159329 -393.000397 0
10.593477 25.214165 -391.151123 0
5.468187 1.921488 -391.096558 0
-25.113169 -13.364803 -396.638153 0
-5.307121 25.283558 -392.227600 0
12.653735 16.525150 -391.474335 0
-16.662651 1.418016 -393.421021 0
13.117211 -16.714268 -390.005554 0
6.490411 21.107594 -390.943634 -1
-16.143303 7.337489 -393.325439 0
10.321648 26.453979 -390.560730 0
-19.735867 -7.424822 -398.230865 0
-11.489655 0.901654 -392.780670 3
8.587374 33.061256 -393.152161 0
3.430004 38.646523 -392.393982 0
-6.107369 40.880604 -394.128326 0
9.563221 21.106989 -390.932404 -1
1.627077 22.419563 -391.517242 0
-1.195011 28.334946 -391.832245 0
-7.611904 21.155794 -391.836365 1
-4.039428 40.339542 -393.881836 0
-23.796806 32.552139 -396.350708 -1
-19.516735 28.477909 -393.809235 0
9.818856 24.943111 -390.914581 -1
-27.662006 -7.900130 -395.931549 0
-16.920961 0.903156 -393.434937 0
4.697287 24.174963 -390.902771 -1
-21.334196 25.141584 -394.025116 0
8.024059 21.099983 -390.802704 -1
-7.105682 23.743704 -392.229858 0
-25.709005 32.087021 -393.825317 0
-6.335740 9.114949 -392.282928 0
-26.775030 30.837753 -394.327667 0
-13.913198 -2.976835 -395.850555 0
-20.552507 6.059164 -393.883972 0
-13.284180 14.773842 -392.587646 1
-8.127977 16.289480 -391.967651 1
-28.083370 31.372604 -394.563782 0
-18.992409 29.608858 -388.362610 -1
-24.996529 -1.935521 -394.795929 0
-3.757356 16.264889 -391.375946 1
-1.451776 30.131699 -391.857086 0
-1.708763 37.574520 -391.925598 0
-24.207407 -18.717718 -394.579498 0
11.086286 35.389881 -390.459290 0
-10.844171 33.651920 -388.096100 -1
2.395553 3.203322 -391.366516 0
-4.263850 31.585028 -390.802826 0
-5.564388 1.927161 -392.251251 0
4.700840 20.353378 -391.198486 0
-9.203715 38.552002 -394.052429 0
-24.447754 16.127863 -394.287170 0
9.650601 -5.031950 -394.504364 0
-23.151644 25.411154 -394.207031 0
-0.938322 28.590849 -391.825348 0
-9.216495 41.445927 -394.599640 0
-8.141074 33.271667 -392.599243 0
-20.692284 -2.722689 -396.562775 0
0.601353 -0.126076 -391.608582 0
-26.007280 -18.452824 -394.436432 0
-21.485294 -11.812782 -396.815735 0
-26.022556 25.182613 -394.668121 0
-2.218909 -6.272005 -391.339752 3
-6.073010 -5.511787 -391.911041 3
4.444706 22.913929 -391.209320 0
-12.376907 33.417900 -388.327820 -1
-3.726437 34.165062 -388.155365 -1
-15.371468 23.554356 -393.354065 0
-13.302577 27.657120 -393.131348 0
-30.687517 21.725496 -388.270538 -1
-23.122852 2.964919 -393.716797 0
-2.456409 32.404095 -388.359528 -1
-15.373922 34.113285 -393.416870 0
9.649540 -8.903294 -394.461029 0
5.721283 27.499096 -390.885132 -1
-13.654915 -14.893593 -395.880157 0
-5.033336 24.943373 -390.918671 -1
-19.622053 26.979523 -390.769257 -1
-22.893051 31.859652 -394.200745 0
-11.176484 31.075464 -390.826752 -1
0.600368 -14.708771 -390.967499 2
9.306540 27.756456 -390.907288 -1
-9.975733 38.285076 -393.959137 0
-18.599863 -0.127573 -396.259186 0
13.941921 -9.864813 -391.642761 0
-17.712383 -0.384515 -393.840790 0
9.392371 -2.192292 -394.512512 0
11.597515 15.715349 -390.448608 0
6.745374 27.498617 -390.878296 0
-24.450102 12.258849 -394.325043 0
9.045992 13.424952 -390.713745 0
-26.566526 23.657005 -395.068298 0
-3.264915 39.818336 -393.825348 0
8.024208 7.546299 -390.809906 0
-0.681489 11.921833 -391.729950 0
-19.251627 1.161285 -393.663208 0
-5.555371 12.430882 -391.615601 1
4.444585 16.769505 -391.198639 0
-3.250699 37.592258 -392.110626 0
13.149128 21.364014 -390.954529 -1
5.714466 -13.155260 -390.419373 2
8.023686 10.614456 -390.784515 0
-2.222163 7.054691 -391.913574 0
-21.278137 37.096699 -397.802521 -1
7.768532 7.035121 -390.826355 0
2.908400 0.898443 -391.381653 0
-9.945935 29.431765 -392.782379 0
-23.829136 -5.322084 -396.889191 0
-2.479131 23.983362 -391.951935 0
-17.437128 7.339835 -393.451202 0
-10.185681 20.144051 -392.106812 1
-20.923592 -18.786245 -396.024048 0
10.320732 5.496406 -390.526093 0
-9.934335 -1.153219 -392.324280 3
-5.821956 5.777984 -392.293091 0
14.109349 31.514313 -396.346008 -1
-4.536389 33.497299 -392.233032 0
-21.478144 -2.723519 -396.683655 0
13.662561 3.456094 -390.989960 0
-28.162350 28.858290 -388.522003 0
-23.671223 27.478458 -394.259033 0
9.050371 25.709759 -390.902863 -1
5.212396 27.516079 -391.126495 0
-7.357627 18.084782 -391.964142 1
-7.849175 30.567360 -390.870087 -1
-18.097046 21.110834 -391.003662 -1
-16.256311 -4.792848 -396.078888 0
12.909675 38.554459 -391.459259 0
10.422299 -8.385090 -394.369263 0
-12.783420 -1.926741 -393.004974 0
-14.671445 31.904413 -388.464081 -1
-1.960687 23.155540 -390.966400 -1
-11.495298 34.589153 -392.973572 0
1.368412 24.941481 -390.889008 -1
11.850197 15.966694 -390.347015 -1
-11.360722 32.659363 -388.373016 -1
8.281379 26.218821 -390.865082 -1
-6.658607 -9.201903 -396.204071 0
-7.366461 6.807272 -392.434723 0
-5.557485 17.050131 -391.764648 1
4.188689 16.770950 -391.232391 0
-12.348718 -10.222673 -395.573425 0
-24.060190 32.557217 -396.412537 -1
-25.749462 14.069392 -394.445038 0
-24.709629 19.742912 -394.344543 0
14.686947 21.621662 -390.987396 -1
-24.717812 4.261308 -394.475128 0
-14.922811 30.881187 -388.383392 -1
-7.868563 21.155750 -391.835571 1
-22.887150 5.288805 -394.099121 0
-12.971154 28.523642 -390.904297 -1
-18.736889 16.876059 -393.684326 0
4.728280 36.951275 -393.481934 0
1.119632 37.205326 -393.445648 0
-23.410997 26.702238 -394.225983 0
-10.854369 31.649965 -388.461060 -1
-5.483328 -18.589151 -386.537079 0
-25.494732 33.174728 -394.501556 0
20.932373 33.649361 -388.066559 -1
-16.518028 -5.311945 -396.133118 0
10.830749 6.517639 -390.467773 0
-8.618881 24.944841 -390.941711 -1
9.032611 1.150879 -390.135803 2
-5.049781 2.440177 -392.195892 0
0.599134 35.618416 -390.163818 0
-27.315500 21.567179 -394.672363 0
-24.156200 0.646210 -393.744843 0
9.356477 30.991476 -393.004822 0
18.911201 29.859922 -388.322662 -1
-19.515209 5.799861 -393.778442 0
-7.082500 22.387094 -390.950226 -1
0.088317 1.155437 -391.680969 0
0.595957 33.651833 -388.095062 -1
-27.119602 33.658157 -388.167999 -1
-12.461182 21.620810 -390.971954 -1
-23.497530 -18.770073 -395.683136 0
-23.568901 -2.205476 -396.884979 0
-7.285274 34.668976 -388.109650 -1
9.880743 1.417863 -393.378448 0
8.026983 21.107672 -390.945068 -1
2.137009 18.806362 -390.968414 -1
16.450785 35.085518 -384.326477 -1
19.989145 28.930979 -389.500610 -1
-24.062153 30.225050 -396.444855 -1
13.826737 24.274790 -388.407135 -1
-13.548051 13.496017 -392.782013 0
-1.708676 27.057970 -391.905487 0
12.845364 36.068420 -389.509155 0
-26.647148 21.749216 -388.694458 -1
8.535452 7.034197 -390.775055 0
7.256850 6.012414 -390.844940 0
-19.746305 -14.729223 -398.441498 0
-28.094530 18.728554 -394.720581 0
-21.478661 -0.646887 -396.693237 0
-9.897445 30.311373 -390.867401 -1
-0.680511 -19.067822 -391.167816 2
-14.434377 -7.899920 -395.921051 0
20.191326 35.023430 -383.646362 -1
10.577034 6.263348 -390.543976 0
-27.840370 -8.652225 -394.783051 0
-28.096575 12.788668 -394.749298 0
-8.140098 5.011168 -392.552185 0
8.846027 41.041805 -393.201813 0
-0.424878 9.614677 -391.725800 0
-18.477005 9.146522 -393.641754 0
-20.817902 -19.722712 -394.023651 0
-1.960032 31.587698 -390.835846 -1
21.196093 21.977888 -388.240784 -1
-4.297362 38.792320 -393.874329 0
0.857848 9.611458 -391.594635 0
-17.702183 26.918356 -393.613983 0
-18.478901 22.028299 -393.682129 0
8.522468 -1.657569 -390.180603 2
-1.194485 -13.453342 -391.659576 2
2.136219 -18.028070 -390.823883 2
8.027255 23.155062 -390.958313 -1
-7.082682 26.225204 -390.960266 -1
-11.691935 23.409870 -390.941193 -1
-2.232385 39.034405 -393.716400 0
-2.472239 31.078299 -390.862396 -1
-25.227663 11.227876 -394.366394 0
-6.570424 23.410814 -390.956940 -1
-2.219086 -7.040817 -391.370911 3
9.100097 30.223478 -393.050629 0
-22.630192 31.079416 -394.120026 0
3.417426 20.340713 -390.955048 -1
-8.952163 -17.932310 -394.342041 2
-28.478975 25.038338 -396.473053 -1
-3.506569 -0.639235 -392.000488 0
-14.332903 -20.192888 -393.137695 0
-12.118249 34.168167 -388.190674 -1
-5.564504 1.413829 -392.259399 0
-22.632298 25.149982 -394.156708 0
-23.567093 -5.061926 -396.854523 0
8.096688 -15.093697 -394.339996 0
-0.424850 6.538202 -391.699677 0
-28.218615 23.481138 -396.463928 -1
6.235406 14.714536 -391.011719 0
-22.798508 33.914444 -388.194092 -1
5.970748 -0.636713 -390.454346 2
-0.681539 20.638905 -391.759094 0
7.768765 28.263056 -390.838104 0
1.627100 17.808218 -391.522858 0
9.556753 22.882221 -390.667999 0
-30.937981 28.581957 -388.221924 -1
10.425208 40.142597 -394.479340 0
-28.091042 24.149776 -394.671570 0
-7.872303 10.648063 -392.021790 1
-13.040812 12.217765 -393.003510 0
10.683293 -4.257087 -394.467468 0
2.136333 -16.238710 -390.844696 2
-5.290143 19.062420 -390.972870 -1
-4.265364 23.154074 -390.941620 -1
19.823406 26.848831 -396.390259 -1
2.136318 -15.471318 -390.841858 2
-16.142879 6.822544 -393.315155 0
1.627032 1.667308 -391.506409 0
-23.933096 4.259616 -394.318512 0
13.330905 30.996626 -396.359192 -1
-13.135497 -12.302321 -395.856964 0
12.107569 10.859507 -390.400940 0
-24.706861 -18.446457 -394.300385 0
-16.264355 -16.982948 -396.274841 0
5.211947 13.182055 -391.092865 0
-1.962069 -11.646859 -391.242035 3
13.123494 16.981703 -390.192383 -1
1.112559 19.573465 -390.960022 -1
-7.876418 -18.862776 -392.226715 2
0.344850 13.456602 -391.634888 0
16.716679 18.785673 -390.538300 -1
12.333898 5.226714 -389.472382 0
12.608225 33.822765 -390.066376 0
-6.337499 32.226997 -392.391815 0
-9.940707 23.507757 -392.575897 1
1.880497 29.289530 -390.884155 -1
-25.591566 34.416950 -388.131561 -1
13.915543 22.640118 -390.901794 0
2.409292 39.539104 -393.611114 0
-26.003052 -19.998234 -394.372314 0
3.164460 12.678296 -391.342407 0
8.875244 -12.518316 -394.500458 0
-0.681537 28.842289 -391.757965 0
-6.312505 29.286543 -390.844299 -1
3.415280 -12.653696 -390.709625 2
-17.330784 21.369322 -391.051636 -1
15.351138 24.017225 -388.352203 -1
-22.630587 15.347582 -394.126892 0
-3.249896 9.621745 -392.013763 0
13.670457 0.130054 -391.215912 0
-15.885102 -1.156122 -393.311859 0
-12.602788 -16.687342 -395.414856 0
1.880299 -15.982881 -390.842987 2
-6.615433 -17.900164 -393.635132 2
-24.612024 -3.504494 -396.936493 0
-21.334223 25.399458 -394.025574 0
10.074941 24.175726 -390.915070 -1
-9.731633 40.663616 -394.525330 0
2.651911 20.105947 -391.365112 0
1.119361 41.314709 -393.350342 0
-15.888847 15.834325 -393.404572 0
-22.631817 16.380104 -394.148315 0
-29.771215 27.108126 -396.388855 -1
-5.299019 17.556763 -391.628815 1
-24.575581 33.070698 -396.348724 -1
-16.562552 20.346046 -391.057556 -1
11.325942 36.360172 -389.904449 0
1.368658 21.364281 -390.959412 -1
-21.427206 38.976353 -395.742889 0
-10.301984 -18.856338 -386.829315 0
1.370643 14.733907 -391.526459 0
16.444323 29.955076 -396.305298 -1
11.332111 -12.123930 -390.116791 0
4.956676 19.839708 -391.165222 0
1.112530 -16.243076 -390.949768 2
-26.012144 15.878827 -394.510223 0
2.907824 0.386144 -391.304108 0
-24.926788 31.818733 -393.694458 -1
0.088178 -15.224320 -391.066864 2
12.551114 32.291210 -396.331512 -1
-8.106024 25.965961 -390.908966 -1
-11.691143 26.477955 -390.914703 -1
3.417236 22.130312 -390.933380 -1
2.136785 22.897419 -390.927429 -1
-2.477963 12.179333 -391.767303 1
7.512499 28.517881 -390.825348 0
5.464472 29.029781 -390.830841 -1
-17.958601 11.463120 -393.582855 0
9.136945 -13.297547 -394.642151 0
-0.679972 30.054888 -390.858154 -1
-17.329510 19.576614 -391.022919 -1
8.073585 33.323833 -393.214783 0
-10.978777 26.356222 -392.913452 0
-6.825909 21.362225 -390.921783 -1
-15.701287 40.988644 -395.169922 0
6.233394 23.406536 -390.885529 -1
0.856406 23.921209 -390.936188 -1
-7.626002 34.809822 -392.562103 0
-20.552303 15.595718 -393.880096 0
-27.366669 20.313835 -395.411682 0
-20.253250 33.910488 -388.148804 0
-24.707020 11.742114 -394.302887 0
9.113476 4.509744 -393.628510 0
-26.794874 27.761843 -394.619934 0
10.939397 1.421490 -394.384766 0
-25.096153 33.418434 -388.334045 -1
-8.360870 30.565935 -390.851898 -1
1.114276 20.884817 -391.563232 0
-1.692931 32.652740 -388.294281 -1
-15.279504 20.598951 -391.000702 -1
0.600263 23.663136 -390.898926 -1
5.212378 18.557959 -391.125122 0
-21.074602 28.749334 -393.997345 0
5.210484 19.574615 -390.983002 -1
-21.474331 -5.837454 -396.613281 0
0.856529 21.877806 -390.992554 -1
-18.475897 6.570225 -393.618134 0
-7.438569 -7.388378 -396.276154 0
1.112443 25.455029 -390.919281 -1
-15.993647 -7.124084 -395.999390 0
12.107601 28.231516 -390.401947 0
0.858196 37.558029 -391.753571 0
3.670816 -10.351518 -390.666840 2
-9.129831 26.732012 -390.889130 -1
-26.526123 -14.066053 -394.467468 0
12.617536 21.586660 -390.354431 0
-18.737251 10.178182 -393.691956 0
-22.633072 28.504009 -394.170166 0
-1.704585 23.155586 -390.967194 -1
2.392544 30.311954 -390.874908 -1
3.420122 7.811092 -391.263519 0
-19.908863 -0.905989 -396.480988 0
21.437386 33.897926 -388.005035 -1
-8.140856 25.563738 -392.588745 0
-17.522694 39.458256 -395.381866 0
0.088316 27.811047 -391.676086 0
4.437862 -7.538281 -390.606903 2
15.408823 30.220118 -396.380157 -1
-12.357897 -13.856928 -395.867462 0
-14.696427 -11.270054 -395.993774 0
4.700864 29.569222 -391.200439 0
-25.383451 -7.398176 -396.801727 0
13.935907 10.633180 -391.473846 0
0.857819 17.298399 -391.581451 0
4.954126 21.364527 -390.963928 -1
-8.654678 5.781995 -392.565460 0
13.669253 27.775925 -391.181458 0
-24.439383 -1.416516 -394.152161 0
7.558473 34.353275 -393.217072 0
-1.704203 25.452438 -390.879517 -1
12.870548 -15.193407 -390.272797 0
-24.185926 11.739924 -394.229370 0
-13.630647 -9.953824 -395.176605 0
4.700701 12.161289 -391.186890 0
-22.633556 29.020506 -394.178619 0
9.358222 32.540585 -393.078125 0
-16.146343 11.457781 -393.399567 0
13.668161 8.320750 -391.150238 0
3.929217 23.408287 -390.914764 -1
11.196262 0.905217 -394.332642 0
-16.864862 -15.501837 -398.195435 0
7.584032 -15.101611 -394.546753 0
0.600369 19.573879 -390.968292 -1
-16.482208 40.999451 -395.274109 0
-25.227798 3.227893 -394.368500 0
8.536019 21.355625 -390.801025 0
1.880328 -12.402445 -390.848938 2
-22.389528 30.587530 -394.428467 0
-3.240376 30.311220 -390.865448 -1
-18.220945 24.089140 -393.680603 0
13.677651 31.378916 -391.421783 0
-21.851908 19.212549 -394.052002 0
-21.801445 37.100338 -397.841553 -1
-23.407459 9.932514 -394.166382 0
3.671140 -7.540103 -390.701324 2
-10.920823 29.030415 -390.839355 -1
-14.433263 -5.049630 -395.890472 0
2.648460 -9.844992 -390.855865 2
-28.690189 5.726199 -388.777191 -1
-3.506837 6.030652 -392.030518 0
-27.555901 30.844414 -394.412842 0
-19.909002 -6.354448 -396.483795 0
-27.047770 15.621776 -394.538208 0
-12.506298 18.104313 -392.387482 1
12.609449 -7.273305 -390.104248 0
-28.349075 -14.073083 -394.664612 0
-13.046187 35.635162 -393.165527 0
-21.332125 15.599944 -393.986816 0
12.486015 -8.899114 -394.275818 0
6.991761 -1.913671 -390.338959 2
-27.049837 13.557397 -394.568359 0
9.320213 -18.570765 -391.481598 0
-8.913081 2.442819 -392.620483 0
-18.351267 24.946201 -390.962982 -1
10.322559 6.008573 -390.595215 0
-0.938360 34.489464 -391.840973 0
-10.462485 25.066984 -392.855957 0
3.442814 -0.384533 -393.859497 0
-25.227711 11.485962 -394.367126 0
-0.681596 19.358723 -391.791656 0
17.636824 32.904556 -388.267426 -1
-8.139868 7.836598 -392.541107 0
-27.436672 28.407522 -396.423157 -1
1.112215 29.286167 -390.839294 -1
-29.766251 23.213432 -396.322723 -1
-6.073403 -4.999195 -391.936401 3
9.134994 -14.585658 -394.557922 0
-29.770466 26.329296 -396.378845 -1
-13.484073 24.688101 -390.927185 -1
20.214451 27.870314 -388.926483 -1
-21.691692 39.762878 -395.838745 0
-16.146893 8.626325 -393.412964 0
-18.487822 28.344637 -388.451111 -1
-2.479426 27.064402 -391.998627 0
-3.757661 15.497824 -391.407715 1
10.575265 -20.311831 -390.478668 0
-7.868449 13.976112 -391.829864 1
-24.090225 -6.101510 -396.907379 0
-4.270431 18.059029 -391.405975 1
20.181137 29.857065 -388.285522 -1
-8.909477 1.157740 -392.461731 0
5.171552 33.902878 -388.061707 -1
-1.963128 -5.761505 -391.453125 3
-24.875273 -3.245169 -396.988068 0
-13.301230 6.561434 -393.091522 0
-26.167753 -9.477078 -396.870270 0
-11.988751 17.328983 -392.273773 1
-0.424813 -3.457957 -391.665527 3
-10.978735 33.298164 -392.911926 0
1.868164 31.638515 -388.320526 -1
-7.354017 20.383209 -391.771820 1
-5.297636 13.965293 -391.526581 1
-4.021564 27.074154 -392.139862 0
-23.926229 9.159619 -394.205383 0
-9.827861 34.415874 -388.119415 -1
-19.631029 26.736036 -390.947998 -1
-20.556780 29.778248 -393.965851 0
-11.064228 -14.378803 -395.971588 0
-11.236628 31.499813 -392.929871 0
3.676711 15.749387 -391.294281 0
8.024947 23.148405 -390.845947 0
6.235278 22.901886 -391.003723 0
-2.478983 -1.152056 -391.928558 0
-5.046501 -1.665048 -391.941132 3
-20.813326 10.700084 -393.937012 0
6.955458 30.113222 -388.312225 -1
-14.507742 27.245020 -390.909668 -1
-27.287006 -16.380636 -394.260651 0
-2.222601 37.580780 -391.990875 0
-24.069553 34.167904 -388.187653 -1
-19.110441 -10.235807 -396.081635 0
1.626922 6.022185 -391.480072 0
0.344885 23.966442 -391.675385 0
4.948750 -9.070348 -390.539734 2
-19.219570 -13.682929 -398.343414 0
-29.680502 31.391306 -388.405853 -1
-26.274166 22.335850 -394.564209 0
-6.327188 11.922546 -391.753387 1
-0.167938 22.130602 -390.938507 -1
-21.747589 -14.670714 -396.858765 0
11.397210 39.926720 -392.357880 0
-15.789947 24.434076 -390.955811 -1
-2.221413 21.409201 -391.781433 0
-12.270487 24.308832 -393.067413 0
