15.798853 3.863884 -380.749573 -1
-11.906916 -14.196634 -398.129456 0
5.616067 -29.500179 -383.696655 2
-15.358460 -10.068306 -399.721649 0
-19.403215 15.396836 -402.149628 0
-17.389078 29.841724 -398.253479 0
-21.394308 -19.473858 -404.933380 0
10.920664 -9.436383 -384.626068 0
8.669778 33.667507 -385.367615 -1
-4.808932 24.851225 -393.510193 0
5.164667 -7.986393 -387.545044 0
-9.781348 24.264153 -396.540771 0
-24.139385 -33.016541 -402.056580 0
1.874136 18.483782 -389.561829 0
3.365314 -24.561260 -384.993408 2
6.858844 -29.440348 -382.918427 2
-23.853012 -15.545709 -406.149323 0
-19.129677 -4.074682 -401.937256 0
-17.776096 -6.690898 -401.099701 0
-16.968052 -7.731751 -400.631836 0
-20.760693 0.133948 -402.932220 0
-18.124941 -23.073687 -403.014130 0
17.422428 31.751612 -383.547607 -1
6.673803 7.973673 -386.730957 0
4.157512 31.892611 -388.320374 -1
14.998358 -31.158270 -379.427582 -1
-26.601986 -5.410141 -403.455994 0
-20.081385 27.087692 -399.916748 0
-2.963727 3.177126 -388.166077 1
-21.301565 -1.448954 -403.178009 0
10.805447 -24.777012 -380.568115 2
-21.120884 -24.234112 -404.776794 0
2.382477 16.685129 -389.230347 0
-16.228672 -19.324060 -401.818573 0
13.373289 5.636861 -382.711670 0
9.325765 28.316326 -381.225494 0
5.668036 0.635546 -387.247192 0
-21.033691 8.047508 -403.105774 0
7.674590 6.192082 -386.100250 0
10.412368 1.385732 -384.463898 0
-4.290005 19.428312 -393.200073 0
-5.253769 32.651924 -388.284576 -1
-0.679293 -0.125709 -390.467957 0
-16.859701 32.954128 -398.073578 -1
-9.751207 32.467392 -395.318848 0
-7.336585 -1.148865 -390.843140 1
5.165326 2.157915 -387.594482 0
-4.031482 -3.213443 -393.106964 0
-26.157444 32.908913 -400.694733 -1
15.533863 -22.026043 -380.368134 -1
5.637168 31.883293 -385.138275 -1
-0.678051 -23.844784 -389.753967 3
3.915953 -13.637372 -389.595154 0
11.649402 5.651901 -383.732788 0
4.661547 3.429033 -387.928528 0
-1.965135 25.003014 -391.853394 0
-1.946739 -31.877436 -388.185181 2
-22.949566 12.833340 -404.294434 0
-25.786160 -10.944657 -403.096954 0
-2.216892 33.390633 -390.984039 -1
4.408823 15.364916 -388.051025 0
-1.193567 -14.979586 -391.358734 0
-17.510017 8.005934 -401.023285 0
11.815022 26.801414 -380.967957 0
-19.671129 -1.708805 -402.241302 0
11.568627 -4.611254 -381.072052 0
-15.006251 -33.668324 -397.328888 4
0.854603 -8.549877 -390.113098 0
-4.549026 -10.679352 -393.325653 0
-13.223645 11.867502 -398.513428 0
-3.248719 33.210011 -391.871735 -1
-18.663563 -19.392601 -403.243774 0
-23.081299 -33.009953 -401.976349 0
-23.218212 3.838889 -404.360809 0
-21.033028 16.224281 -403.093079 0
-2.986770 -23.164330 -391.184113 3
-17.238825 -3.014248 -400.825653 0
2.617956 30.467018 -386.354156 0
10.412180 -1.633254 -384.456970 0
7.355801 -30.172749 -382.673401 2
-9.935636 11.684721 -392.375610 1
6.859295 -28.189335 -382.943604 2
2.121189 -20.186749 -388.074066 3
3.397127 0.383508 -388.632904 0
-0.930525 27.590454 -388.569397 -1
-4.809752 29.233780 -393.577271 0
-5.848190 -2.447646 -394.060822 0
-17.508108 10.104197 -400.979553 0
-9.749228 -19.783527 -395.238617 3
7.424572 8.469287 -386.251099 0
10.808524 -16.563564 -380.676483 2
14.009388 11.551726 -379.568909 0
11.786886 -28.723230 -380.060730 2
-0.680387 27.258080 -391.097046 0
-16.075493 -29.039116 -398.025879 4
0.599315 -1.913390 -390.281708 0
16.872637 -29.656567 -382.475342 -1
-4.541689 34.307335 -392.691223 -1
-16.163504 -6.414088 -400.205017 0
-15.091211 16.082821 -399.578430 0
-6.045425 11.107289 -390.130890 1
-9.827486 34.160595 -388.104614 -1
-23.016443 33.068760 -396.325470 -1
-15.361710 16.615236 -399.806244 0
8.345114 -12.373595 -382.060913 2
-0.166637 -35.154797 -387.910492 0
0.088061 -13.415084 -390.545807 0
-5.589498 19.468891 -394.021332 0
-8.724694 -14.629403 -395.741272 0
-24.593088 5.437678 -405.192474 0
-18.320126 9.854727 -401.506042 0
17.143509 18.670254 -382.929443 -1
5.919701 -8.990834 -387.116150 0
4.155946 -7.237319 -388.174133 0
9.667940 -0.123918 -384.906189 0
7.674995 20.341854 -386.120605 0
-10.277468 32.493790 -395.640228 0
17.412632 3.388403 -383.331940 -1
3.365535 -30.357674 -385.018768 2
13.767937 29.947586 -379.767212 0
-8.725373 -5.566088 -395.772034 0
6.169872 34.307938 -386.902191 -1
12.762982 -24.705746 -379.473480 2
13.523700 0.872073 -379.894531 0
-10.459212 10.153391 -392.733063 1
13.129912 2.382497 -382.925201 0
-21.031418 0.133992 -403.062195 0
4.681249 28.171217 -389.568115 0
15.535629 11.577366 -380.411377 -1
-10.456009 2.185854 -392.612793 1
-19.675253 -6.184802 -402.325623 0
5.416257 -8.743524 -387.382416 0
0.848456 -34.846691 -387.307373 0
5.417027 9.002362 -387.437500 0
13.036154 27.990685 -380.190796 0
1.106889 33.472942 -388.967407 0
-3.988178 13.871053 -388.884491 1
-24.335522 3.848027 -405.323364 0
-0.934427 33.578884 -390.198517 0
-1.180709 9.502189 -387.142761 1
-8.406528 -34.328991 -392.986298 0
-16.698038 -6.942108 -400.450104 0
-10.454162 0.644238 -392.543457 1
-19.267893 30.707476 -399.344940 0
6.859194 -28.940676 -382.937958 2
0.599334 26.435896 -390.293762 0
-15.155601 -22.449411 -401.283325 0
5.170584 32.627071 -387.989014 -1
-21.940792 -24.791496 -405.228424 0
-7.416238 20.038595 -395.086548 0
5.919699 19.634335 -387.116028 0
16.339138 27.103981 -381.718170 -1
-19.673113 -4.341420 -402.281891 0
-23.989456 -11.496969 -403.966858 0
9.674041 31.884190 -385.149109 -1
-10.042520 19.077093 -396.596680 0
-19.402346 5.133455 -402.131622 0
-18.861809 11.177694 -401.839783 0
-15.627352 16.095846 -399.902100 0
-16.699602 -8.777249 -400.487640 0
-17.325428 34.146614 -396.795715 -1
16.869476 -22.894629 -382.403748 -1
-11.048927 -27.555506 -395.423981 4
-7.384555 32.309689 -393.398651 -1
2.890223 15.399939 -388.935547 0
-12.599955 29.363670 -395.325989 0
-9.413370 2.439168 -392.033752 1
-24.514919 0.662884 -403.904572 0
-0.680373 18.300303 -391.088562 0
-2.480504 23.226767 -392.169006 0
-10.881808 -21.005239 -398.792145 0
-13.149500 -26.059191 -396.278992 4
-19.131603 12.233712 -401.977753 0
-15.359813 5.626324 -399.756866 0
-18.050655 -13.786630 -401.362396 3
-6.871233 -18.667341 -393.517487 3
-24.578037 34.167782 -388.186279 -1
10.157222 32.823139 -384.339050 0
-25.529259 -14.641646 -403.209900 0
-6.632653 28.022900 -394.659729 0
-19.947346 -13.562254 -402.498077 0
-2.981818 31.818981 -390.535492 -1
0.854213 3.446770 -389.935120 0
-7.884527 31.218887 -392.630524 0
-21.035427 18.072767 -403.139038 0
15.940457 34.064972 -384.162201 -1
-22.127319 0.662693 -403.788269 0
11.811812 -33.020866 -380.864441 0
-19.479237 -17.302246 -403.725250 0
-9.816145 -15.492340 -397.951477 0
-22.520508 26.923319 -401.367615 0
2.890269 -3.688425 -388.941833 0
-17.780334 14.310166 -401.195312 0
-23.849039 -22.983582 -406.081696 0
-12.092236 -33.267979 -395.659821 4
6.456406 33.975712 -388.895386 -1
-12.554852 8.895009 -393.910858 1
-2.472984 32.111050 -390.980072 -1
-1.964789 -3.202632 -391.784393 0
2.128579 26.377117 -389.425995 0
-8.725593 -5.307238 -395.782074 0
-15.896264 10.343258 -400.077087 0
-24.983322 13.317191 -402.924683 0
-4.031238 23.023684 -393.083160 0
-15.288255 32.158180 -397.894470 -1
1.354932 -34.822517 -387.038666 0
14.996879 -20.479826 -379.390167 -1
-7.677624 21.079826 -395.219421 0
5.366753 -30.264868 -383.841736 2
5.920146 18.369122 -387.145233 0
-13.080427 7.353755 -394.197388 1
10.831579 31.331511 -381.488464 0
-11.019611 -34.966423 -394.374817 0
-0.422509 -21.027802 -389.541473 3
-21.110361 -6.583573 -394.665863 0
5.417197 24.468481 -387.449585 0
9.846063 28.376413 -382.034454 0
9.579312 -28.822758 -381.377686 2
6.859918 -17.666172 -382.978424 2
3.615773 -24.801304 -384.808960 2
-7.939648 -2.714537 -395.375427 0
0.854655 -8.295108 -390.137207 0
-15.358066 -1.436495 -399.711395 0
-13.757328 24.927408 -398.849304 0
10.071592 -24.063419 -381.098877 2
17.142996 -31.444897 -382.917969 -1
-11.892011 -5.071832 -397.631104 0
-16.972219 20.324841 -400.730194 0
-4.280715 33.250420 -392.348541 -1
-18.753386 -29.933174 -399.529877 4
13.129678 10.400797 -382.918365 0
-1.707558 17.301388 -391.649109 0
-12.292320 6.572706 -393.766815 1
6.422731 17.849606 -386.867004 0
-7.657098 -16.892433 -394.162811 3
-17.780115 2.496139 -401.190369 0
2.113827 30.496433 -386.727142 0
-9.985312 -33.930923 -394.337402 4
5.920728 24.958397 -387.183350 0
7.124514 -35.276993 -383.717499 0
4.867790 -20.485420 -384.150635 2
-5.069175 25.893866 -393.702118 0
-18.192492 30.397655 -398.708832 0
5.117000 -22.234514 -383.968231 2
-8.904786 7.317522 -392.255127 1
-7.392171 -17.134769 -393.804382 3
6.611786 -21.183529 -383.137207 2
-15.360430 19.229877 -399.772919 0
-3.759319 -19.600422 -391.580475 3
-5.056570 33.796146 -392.723175 -1
-3.250796 33.744434 -392.122253 -1
19.151598 34.408787 -388.039490 -1
-0.673075 2.913537 -386.893707 1
7.920757 33.450352 -385.771454 0
14.497750 1.367248 -379.335632 0
-9.025553 -23.282600 -397.574860 0
21.950171 33.142944 -388.083740 -1
13.034267 -31.465178 -380.135773 0
4.661573 18.152534 -387.930664 0
14.495792 28.668537 -379.284393 0
-7.676611 -15.125361 -395.167267 0
3.366310 -23.812511 -385.107330 2
0.344223 33.385410 -390.922882 -1
9.411110 -6.921063 -384.714264 0
16.873039 22.402899 -382.484497 -1
15.801062 -33.264713 -380.802795 -1
15.664814 33.324917 -396.287537 -1
13.070404 32.291336 -396.333008 -1
-21.305286 1.453437 -403.248444 0
17.416344 7.403482 -383.413635 -1
-20.167435 -11.956109 -401.630371 0
6.171051 1.901244 -386.976105 0
-10.775505 -30.878084 -394.896393 4
9.419443 -0.123966 -385.054962 0
-4.549072 -6.303896 -393.329590 0
-22.764568 -20.042543 -405.717316 0
6.923549 11.004791 -386.530792 0
-25.515696 22.022013 -402.995667 0
16.930475 33.780514 -383.786469 -1
-2.222198 -3.716666 -391.919800 0
6.421356 9.240285 -386.784180 0
-17.412739 -33.270660 -398.795349 4
2.612201 -30.143734 -385.504852 2
-11.646401 28.530487 -398.139130 0
-15.797048 33.173439 -397.580017 -1
-10.511882 -31.638443 -394.710785 4
11.531384 34.170940 -388.222198 -1
-13.943830 -29.982418 -396.722076 4
-13.488931 25.696821 -398.638672 0
7.850877 -13.634608 -382.368042 2
-2.198619 7.741173 -387.761230 1
-6.560927 13.924819 -390.391846 1
-14.559223 21.299896 -399.345428 0
-2.990849 33.966007 -391.718353 -1
-12.424493 -1.169905 -398.000763 0
-7.594018 3.199631 -390.915680 1
17.139801 -1.876939 -382.846649 -1
12.635001 6.144452 -383.130341 0
-24.427183 30.420214 -402.459045 0
-20.078041 28.653097 -399.850128 0
4.155800 1.145052 -388.160492 0
16.340219 33.350883 -381.743408 -1
7.478133 32.460663 -389.037506 -1
8.425358 21.078772 -385.734680 0
11.021239 33.658184 -388.168335 -1
7.356041 -14.647625 -382.685883 2
5.366549 -20.970505 -383.827148 2
7.664632 30.155165 -385.599304 0
6.980453 34.556709 -389.707672 -1
-19.565542 -27.094706 -400.082245 4
12.302938 24.037275 -380.621582 0
16.877260 -0.373521 -382.580200 -1
8.668086 -8.192097 -385.292389 0
9.966169 34.289536 -386.694672 -1
-10.042704 -5.318259 -396.603943 0
-24.332655 -16.307877 -405.275604 0
2.880863 -20.166044 -387.676025 3
9.420314 16.255674 -385.090576 0
6.611425 -22.185181 -383.116272 2
-25.337362 34.417011 -388.132233 -1
0.851048 30.127060 -388.490662 -1
-23.600920 21.433851 -401.856934 0
12.548474 -19.793104 -380.506561 0
6.860103 -15.411075 -382.988739 2
-23.052755 33.914387 -388.193420 -1
-17.122412 27.747478 -398.118896 0
-4.031667 -2.956339 -393.125061 0
8.674261 18.798843 -385.566833 0
-16.164995 6.942698 -400.241943 0
3.143446 -12.081253 -388.743591 0
6.171297 20.640978 -386.991577 0
2.122210 32.649925 -388.260803 -1
-19.132414 3.290313 -401.994781 0
15.004250 31.919649 -379.576630 -1
11.155690 1.886835 -384.043365 0
-12.690373 26.187250 -398.162872 0
-16.167231 20.826775 -400.297302 0
-0.936919 16.003185 -391.239105 0
-6.482981 15.526389 -385.753876 0
-3.771244 -13.236236 -392.822571 0
-18.486864 -26.266136 -399.426025 4
-17.313616 -16.462219 -402.564636 0
17.417517 -26.218523 -383.439484 -1
-6.610408 -17.629175 -393.336121 3
6.924396 18.089243 -386.578064 0
-25.245340 25.971130 -402.894043 0
7.107104 -17.156048 -382.779846 2
-6.892277 -14.850048 -394.722748 0
13.281955 14.055101 -380.097931 0
-4.024039 34.280251 -392.381226 -1
0.088081 25.180897 -390.635040 0
-18.665758 -19.130978 -403.291199 0
-21.431915 27.663605 -400.677429 0
10.584081 -6.864587 -381.574951 0
16.064239 6.361750 -381.128540 0
-13.353590 34.477493 -394.638916 -1
-18.734205 31.473806 -399.121277 0
13.252675 -28.166357 -379.260010 2
11.325724 20.087805 -381.298340 0
15.444527 32.572186 -384.345520 -1
-6.370986 17.683920 -394.465210 0
-5.505443 34.667767 -388.096069 -1
-10.718541 1.929900 -392.808777 1
9.171040 15.000579 -385.215820 0
-1.964943 -2.433698 -391.815186 0
17.139782 -6.887456 -382.846191 -1
-19.268433 28.095039 -399.356140 0
7.674523 3.412843 -386.096863 0
5.129447 31.360010 -384.902252 0
0.599330 -13.917150 -390.291656 0
-14.024015 21.281656 -399.003479 0
11.896372 13.682242 -383.591034 0
5.920538 -10.005530 -387.170898 0
14.499044 -22.712969 -379.369476 0
-1.707741 27.299479 -391.691010 0
3.157781 -14.180712 -390.516479 0
-9.578741 33.163715 -388.326996 -1
8.346032 -27.877413 -382.102936 2
-10.630373 0.132694 -399.159973 0
0.087780 -18.212467 -389.298737 3
-4.763819 -31.756483 -389.818634 2
15.271067 -11.810420 -380.028870 -1
13.520370 -8.572405 -379.800995 0
4.126971 -35.185665 -385.467804 0
0.599380 22.095804 -390.323792 0
14.252559 -26.937058 -379.423340 0
16.874681 -28.408594 -382.521759 -1
-11.301546 -33.229317 -395.199982 4
-6.373211 29.309965 -394.602966 0
-11.892751 -9.756054 -397.655823 0
10.194334 32.185799 -385.743286 -1
-9.780683 18.554169 -396.513824 0
-11.363901 -3.768450 -397.380432 0
-18.566946 -7.216857 -401.156281 0
-5.283280 5.495555 -390.465607 1
-26.885021 -30.248417 -403.737518 -1
-12.885703 -29.679914 -396.149506 4
-15.361940 22.371305 -399.812225 0
-5.589422 26.945848 -394.015961 0
-14.249797 -16.015493 -398.009460 3
-10.842894 0.132098 -397.366028 0
3.637162 -22.921612 -387.085236 3
8.377065 31.749630 -383.523682 -1
-25.787464 31.261347 -403.117371 0
-2.480614 19.378223 -392.186340 0
-17.924931 27.778702 -398.566895 0
9.917511 -3.145593 -384.806702 0
10.070943 -19.323906 -381.074310 2
3.650098 -6.480083 -388.461945 0
-21.432653 30.024385 -400.691223 0
-6.056274 9.081213 -390.830994 1
13.769593 -20.502645 -379.812897 0
-2.995924 -3.977824 -392.382935 0
-24.970606 -8.299104 -402.719574 0
2.382596 14.393513 -389.249725 0
5.616229 -32.011929 -383.707703 2
-1.964861 -11.407046 -391.798676 0
-16.431927 -10.870281 -400.357666 0
-0.936724 -13.436102 -391.157715 0
-8.442033 32.670387 -394.646088 0
13.767835 31.935438 -379.764374 0
0.855882 33.621815 -390.697388 -1
-23.599024 -35.364002 -401.824646 0
-13.141712 32.151432 -388.377319 -1
7.925319 13.767941 -385.993652 0
12.688969 -9.691619 -384.766785 0
10.731581 33.321796 -396.250427 -1
-23.608488 25.123432 -401.985809 0
10.089610 22.611502 -381.780670 0
-24.148870 28.296133 -402.214569 0
-9.251299 -9.458440 -396.089722 0
-15.959738 -20.105679 -401.674622 0
-0.167865 20.331051 -390.769318 0
-2.222625 21.164370 -391.995209 0
-19.539925 25.233185 -399.558380 0
-10.247794 33.690723 -394.497894 -1
12.792821 33.976780 -380.360687 0
-22.125032 -2.507808 -403.746521 0
-10.834935 27.414841 -397.074341 0
-16.854044 27.735010 -397.940002 0
14.493982 9.804476 -379.237030 0
7.924622 -1.892201 -385.959717 0
-22.497297 33.068886 -396.326965 -1
-5.282483 5.239253 -390.406708 1
12.061082 20.812256 -380.857544 0
-26.347773 33.412479 -403.610291 0
9.579353 -23.082863 -381.379303 2
8.709446 29.261616 -387.130798 0
4.617630 -33.316460 -384.273834 2
-4.792352 -21.168800 -392.153473 3
-0.933868 -22.836973 -389.965332 3
-9.188711 31.023432 -393.410065 0
-5.506054 33.909637 -388.139099 -1
-18.864773 16.176380 -401.902924 0
-11.550364 33.979694 -394.856049 -1
17.879244 33.898258 -388.008820 -1
-17.125202 33.223812 -398.183777 -1
6.672595 -6.956084 -386.660950 0
10.094306 28.620707 -381.958374 0
9.417316 33.128765 -384.967987 0
-15.359744 13.735612 -399.755066 0
3.650373 19.195646 -388.491272 0
-25.518559 13.584773 -403.040894 0
10.821994 21.327122 -381.150909 0
2.381771 2.930264 -389.114899 0
-1.189445 -22.073780 -390.007050 3
-14.823490 22.871956 -399.417450 0
-20.104626 -27.638840 -400.379578 4
2.108851 -26.128614 -385.816864 2
10.564419 -22.802572 -380.866119 2
-18.589537 1.710483 -401.644379 0
-3.246247 33.697212 -391.573517 -1
-16.693895 34.419056 -388.155334 -1
13.533720 -28.731941 -380.175995 0
-4.548726 -11.193382 -393.299744 0
-20.215309 5.402669 -402.583801 0
-25.439911 -32.995369 -401.798737 0
-24.571974 -15.760691 -404.844604 0
13.278535 23.003368 -380.000031 0
6.171477 15.070165 -387.002808 0
7.674750 3.665604 -386.108276 0
-15.627641 8.768774 -399.909485 0
-8.416883 -31.024057 -393.470337 4
-12.116841 33.402218 -388.145569 -1
9.825736 -15.590418 -381.245758 2
-5.278854 -31.527246 -390.138550 2
15.800409 1.621658 -380.787079 -1
-2.986189 -23.671690 -391.108032 3
11.541326 -26.741484 -380.172760 2
9.174849 22.572248 -385.375824 0
-14.742871 -28.202314 -397.245209 4
-23.590519 -23.522509 -406.210602 0
7.766727 34.136478 -390.735535 -1
-11.100365 18.589314 -397.264893 0
6.859406 -29.192165 -382.949799 2
8.423678 2.147132 -385.657745 0
1.619384 -5.990194 -389.666199 0
-4.808582 -9.911128 -393.481537 0
14.010827 -13.287779 -379.607910 0
8.098429 -13.379569 -382.230164 2
-3.254712 28.390076 -392.594604 0
-10.316827 -26.116821 -397.155396 4
2.126592 10.058497 -389.062531 0
5.865007 -26.978300 -383.539459 2
-23.602861 19.331713 -401.890015 0
10.337809 24.605635 -381.710907 0
9.333088 -26.836594 -381.524872 2
-5.536261 -30.771601 -390.268494 2
11.402777 0.630040 -383.892426 0
-12.622488 -30.189493 -396.032989 4
-20.760267 5.407234 -402.923981 0
-23.985266 -8.587653 -403.896271 0
-7.888431 -34.314896 -392.824951 0
-1.964850 -8.074005 -391.796509 0
-0.933520 -23.083542 -389.819824 3
-15.519316 30.797609 -397.137451 0
-19.481659 -17.568621 -403.775482 0
10.581702 23.842428 -381.489197 0
2.635491 3.183476 -388.941833 0
5.458682 33.342182 -390.416718 -1
-27.092031 8.833974 -402.883026 -1
17.121258 35.431030 -388.111206 -1
-19.946245 11.985501 -402.475891 0
-22.933001 34.238068 -404.002625 0
27.544304 27.557329 -388.102905 -1
-12.091133 -32.229397 -395.623749 4
-20.881935 34.177467 -400.197388 -1
11.156249 18.222858 -384.062622 0
4.156540 15.880084 -388.229584 0
4.650075 35.073975 -386.973877 -1
-15.625456 -7.716732 -399.853577 0
3.650507 6.993343 -388.505463 0
-23.312893 -25.104979 -406.009735 0
0.340260 7.967324 -386.423004 1
-9.747395 -19.004049 -395.164337 3
-21.581593 -4.090278 -403.475677 0
-22.532251 33.639767 -396.942749 -1
-22.238842 -7.477002 -401.029541 0
3.903634 18.681353 -388.369568 0
-17.777822 -9.579005 -401.138611 0
-11.241922 3.989370 -393.114990 1
6.422325 8.735397 -386.842529 0
-12.957469 18.640362 -398.355835 0
1.109288 33.035320 -389.810425 -1
12.271310 33.532806 -395.680664 -1
-12.885384 -33.826778 -396.139679 4
-9.673171 4.492865 -392.155243 1
14.253921 12.293329 -379.459595 0
15.845364 34.658794 -387.995667 -1
0.343810 -8.812859 -390.454285 0
5.417155 5.199528 -387.446594 0
-20.029837 -23.403914 -404.162598 0
16.327827 32.826363 -381.453918 -1
-21.189236 -31.359404 -401.051910 4
1.109957 21.569578 -390.045563 0
5.366472 -27.751640 -383.821625 2
-0.928126 -28.529699 -387.567352 2
-0.166100 9.996386 -386.660095 1
-5.541298 5.497779 -390.623596 1
1.882286 29.317383 -391.255859 0
14.493731 -16.252485 -379.230469 0
-13.488297 18.913569 -398.619934 0
5.667976 3.169572 -387.243134 0
-3.254115 -14.767279 -392.522675 0
-20.490955 4.087840 -402.818359 0
-15.359627 8.765321 -399.752014 0
17.142445 -23.425810 -382.905670 -1
-13.679021 -28.674046 -396.579041 4
14.494978 28.915108 -379.263092 0
0.852010 -18.449699 -388.929504 3
-16.696268 33.915878 -388.210510 -1
17.712317 32.072571 -384.386230 -1
-9.745013 -18.740881 -395.067749 3
17.888189 33.407158 -388.202972 -1
6.860377 -27.441895 -383.004028 2
-11.097262 -9.743738 -397.153839 0
-17.740835 -14.012225 -400.304016 3
10.806736 -17.308020 -380.613525 2
2.382485 -9.804081 -389.231659 0
6.673324 18.854246 -386.703186 0
17.138657 26.931784 -382.821045 -1
2.373833 31.851366 -387.818176 -1
11.403160 10.427604 -383.905334 0
-11.146368 -22.316708 -398.911255 0
4.422629 30.187201 -389.266205 0
3.652778 33.708382 -388.747223 -1
-19.422260 -14.090646 -402.544373 0
-23.972420 -14.130396 -403.679962 0
-1.966040 33.223755 -392.033875 -1
-25.236181 -32.019115 -402.747864 0
-0.167861 -4.984180 -390.759216 0
-14.289265 -7.441247 -399.111816 0
-14.023147 20.236008 -398.978760 0
-25.052664 -15.465087 -404.042999 0
-12.426453 25.138783 -398.063568 0
10.264363 33.677677 -388.393127 -1
4.143025 -19.116285 -386.967285 3
-17.735210 33.390137 -400.177124 0
0.088455 34.529140 -392.291748 -1
-11.893675 17.047628 -397.686737 0
1.608110 30.514271 -386.953369 0
15.002215 5.093222 -379.525146 -1
-18.187925 -35.341812 -398.608734 0
5.186515 29.926191 -389.184509 0
-21.120543 -23.174231 -404.770264 0
-13.680488 -31.532066 -396.621613 4
17.415960 8.657778 -383.405212 -1
2.889989 -4.706027 -388.904022 0
11.216015 33.985920 -386.120117 -1
-13.390567 34.170422 -388.216248 -1
8.098989 -25.137083 -382.256622 2
-8.373813 9.864239 -391.456940 1
-4.500174 0.638590 -389.101715 1
-11.766353 34.371834 -393.429504 -1
6.361917 -19.431894 -383.203918 2
-2.975084 -34.802799 -389.653503 0
8.849666 29.391739 -382.234039 0
-24.151928 28.036482 -402.265472 0
14.254062 17.756323 -379.463379 0
-18.048813 -3.280592 -401.321411 0
11.817936 17.581764 -381.061890 0
13.005923 -29.162851 -379.309143 2
-0.167270 -19.490477 -389.384003 3
-6.371019 25.169794 -394.467194 0
-9.988762 -30.328764 -394.473694 4
-7.654109 -19.721977 -394.008942 3
-26.066523 1.717744 -403.349365 0
12.141042 -1.879566 -383.382477 0
-2.962923 34.664604 -388.060699 -1
-0.680250 -5.243357 -391.018188 0
-18.561111 24.014009 -401.030212 0
-11.302220 -29.351915 -395.223541 4
3.121472 30.946371 -386.026184 0
3.132872 -23.449438 -387.435944 3
-9.819942 -24.876739 -398.105408 0
-12.658376 33.398197 -397.158966 0
2.359564 -33.926151 -385.487000 2
0.597277 -19.214443 -388.954254 3
-8.155966 -33.071022 -393.317383 4
4.918482 33.656685 -388.151062 -1
15.093637 31.110346 -381.837952 0
-9.026622 -25.887308 -397.621979 0
-4.516975 -35.138836 -390.554413 0
-3.508550 34.009678 -392.221985 0
-10.834825 21.958050 -397.070312 0
-20.647869 -32.646397 -400.742523 4
10.339604 29.856262 -381.777191 0
-21.580038 12.806429 -403.446625 0
-21.525803 34.674496 -388.171417 -1
-12.690128 -5.339060 -398.155182 0
13.287503 -18.535950 -380.256714 0
-12.424524 -0.649021 -398.001739 0
5.116578 -21.730202 -383.936554 2
-22.122532 6.474352 -403.700897 0
-1.964840 -13.714360 -391.794556 0
-21.430496 25.040003 -400.650879 0
16.874718 7.636589 -382.522552 -1
-13.488804 12.131977 -398.634888 0
-22.242519 28.479898 -401.095886 0
1.109754 24.627920 -389.974213 0
16.872061 23.903248 -382.462341 -1
-10.718202 3.729099 -392.796387 1
-22.217709 -25.865536 -405.437683 0
-23.596458 -34.834324 -401.780945 0
-23.322386 -5.647961 -401.593536 0
-0.674119 -28.270718 -387.493774 2
3.650546 13.603449 -388.509613 0
-22.218065 -25.600639 -405.444244 0
-9.193790 34.131550 -393.627502 -1
5.949665 32.973053 -389.075653 -1
-19.130804 8.813756 -401.960938 0
0.088081 26.458910 -390.633545 0
5.935377 33.655838 -388.141266 -1
10.764018 33.648968 -388.062042 -1
-16.845285 -35.003918 -397.733185 0
7.424410 -0.882594 -386.242676 0
-12.478155 -24.192911 -399.719757 0
-8.893476 2.437446 -391.756927 1
-24.332308 -16.838043 -405.269836 0
-4.807811 -6.047876 -393.418457 0
-2.219542 15.243398 -391.451447 0
4.127137 30.902853 -385.483368 0
-3.504984 34.487907 -391.823273 0
-23.218763 3.574369 -404.370392 0
-26.062145 -2.504920 -403.281647 0
0.088039 13.926875 -390.449493 0
-17.659775 25.686274 -398.475006 0
16.104301 33.653198 -388.110840 -1
-17.040522 -23.825109 -402.342896 0
-20.333506 33.090687 -399.723145 -1
-2.231619 -26.139345 -393.581390 0
12.143493 7.153447 -383.459869 0
2.382211 -3.436074 -389.186890 0
-10.718278 12.725490 -392.799164 1
5.667952 -0.884876 -387.241425 0
-5.282880 8.816543 -390.436066 1
2.382264 -5.728277 -389.195526 0
-25.247955 1.188638 -402.935761 0
-0.680279 -10.873032 -391.034607 0
-24.536564 -29.229490 -404.261169 0
-23.220778 3.045411 -404.405487 0
-4.023913 33.765659 -392.368896 -1
16.875341 -32.164558 -382.536682 -1
-8.202279 22.391701 -395.550842 0
-20.507317 34.418156 -388.145142 -1
-23.590536 -16.345512 -406.210907 0
13.181693 -8.928572 -384.435333 0
-14.616400 -20.067595 -400.913757 0
-24.769554 12.023219 -403.742462 0
0.858398 -15.511047 -391.845489 0
-1.161924 12.342693 -380.983307 0
-19.402384 12.238419 -402.132416 0
-20.756855 18.587400 -402.857758 0
13.283850 -18.033327 -380.152161 0
-2.709160 34.162270 -388.123657 -1
-26.062918 14.912822 -403.293610 0
8.669317 33.413555 -385.347107 0
-25.795837 23.355198 -403.248261 0
-23.452398 -28.141445 -403.832306 0
-8.650536 7.063044 -392.377563 1
-1.193540 28.043962 -391.349731 0
-4.808041 -13.256949 -393.437286 0
-12.099622 33.033386 -395.901520 -1
-3.745310 -35.099861 -390.121216 0
-17.947285 -28.070293 -399.063904 4
11.341695 -22.111046 -381.836029 2
-15.359430 0.394475 -399.746887 0
0.597314 -25.579124 -388.978699 3
-18.193935 -34.309788 -398.740448 0
-2.999184 29.433836 -392.809998 0
-23.242405 14.967864 -404.782135 0
9.436232 32.185631 -385.741272 -1
-13.755443 11.614915 -398.794678 0
19.151665 36.186382 -388.040833 -1
-8.943925 33.904232 -393.979156 -1
5.366350 -25.741745 -383.812958 2
-0.168014 34.169689 -391.115723 -1
-17.143023 25.955042 -398.598083 0
-29.150543 33.908401 -388.124908 -1
-8.696031 -20.001724 -394.441162 3
-20.235998 32.932003 -397.806305 -1
6.362826 -15.672734 -383.258698 2
6.859816 -19.169559 -382.972656 2
-3.772301 20.957859 -392.932709 0
16.067669 -33.050819 -381.209930 -1
-14.741991 -32.619488 -397.221466 4
14.252910 -3.598247 -379.432678 0
-10.535012 -19.800579 -395.579254 3
14.742432 -16.004633 -379.237732 0
2.382487 13.374038 -389.231995 0
-18.048864 -1.442286 -401.322601 0
14.254197 -21.228914 -379.466949 0
-12.477220 -20.790974 -399.689789 0
-12.915319 -16.756771 -397.059998 3
16.323717 27.577503 -381.357880 -1
-5.032025 -34.650967 -390.816864 0
16.067263 -18.581945 -381.200287 -1
-25.605513 32.148602 -388.343109 -1
-2.480308 17.066378 -392.137970 0
7.604296 -27.911037 -382.563812 2
3.397234 21.492132 -388.645081 0
4.660537 -0.886254 -387.844513 0
-20.571720 -22.888742 -404.406067 0
11.296084 -28.492487 -380.300446 2
-23.483116 15.216905 -404.361206 0
-0.425856 29.933992 -392.627228 0
-22.886530 -9.891681 -403.183960 0
14.006185 -34.142643 -379.482147 0
15.269910 22.257381 -380.000092 -1
6.705049 31.402271 -388.541565 -1
-18.455860 34.054386 -398.756165 -1
1.352342 -26.666809 -386.298614 2
-27.760647 -22.014574 -412.825958 -1
15.445608 33.329041 -384.372406 -1
12.938455 -9.689702 -384.690704 0
-12.828709 33.682133 -394.397308 -1
-21.705803 34.236477 -400.888367 0
-25.238888 -7.509844 -402.791046 0
-21.745461 -13.269883 -401.620819 0
-6.609554 -17.884254 -393.285278 3
1.615418 5.979599 -388.711700 0
4.408697 0.382922 -388.039856 0
11.052696 -29.254236 -380.497742 2
8.670659 33.166527 -385.406769 0
-10.834870 16.241772 -397.071991 0
11.051961 -13.567014 -380.472443 2
-15.894157 -9.552389 -400.024048 0
-2.976428 31.506369 -389.829559 -1
14.749796 33.533806 -392.660522 -1
-16.229555 -21.428757 -401.840454 0
-7.967767 -28.168980 -396.775665 0
-14.742435 -29.761124 -397.233459 4
6.673086 12.527551 -386.689362 0
-11.246864 12.483962 -393.287811 1
-19.420704 -13.035936 -402.512085 0
16.934448 33.286045 -383.876556 -1
-15.540873 -27.973591 -397.689117 4
5.416913 -2.406456 -387.429321 0
-21.025742 -15.159699 -402.953430 0
-9.898272 31.592888 -390.900055 -1
-16.610094 -27.758783 -398.341064 4
-7.091023 4.740587 -391.420685 1
4.157544 32.146969 -388.323364 -1
-19.536043 30.979197 -399.479034 0
6.923489 3.416649 -386.527435 0
-3.987635 2.928130 -388.831451 1
-9.777697 -6.871771 -396.392792 0
12.059015 17.818506 -380.792267 0
11.542715 -29.481573 -380.218506 2
-24.281921 -9.128315 -404.430603 0
10.011219 27.581453 -388.442627 -1
11.078298 -21.585453 -381.379089 2
-14.022026 1.437933 -398.946869 0
-1.440712 30.919935 -388.870697 0
-9.281393 32.376492 -397.378174 0
-22.533531 33.901440 -396.965271 -1
-0.675348 1.399199 -388.200226 1
-5.328163 -5.280428 -393.782715 0
-15.628493 10.862900 -399.931274 0
-11.106861 31.644346 -388.392090 -1
-5.310957 -22.729212 -392.511139 3
-7.338225 3.967201 -390.930511 1
-14.288838 9.273346 -399.099915 0
9.916256 -0.123870 -384.757996 0
15.805097 -5.356930 -380.900055 -1
11.074718 -34.551716 -381.255859 0
-20.647816 -28.188293 -400.741455 4
16.874992 -4.628881 -382.528748 -1
8.098314 -27.886301 -382.224762 2
0.088048 -0.636766 -390.486725 0
-15.152571 -19.819538 -401.203094 0
-22.540550 34.162910 -388.130951 -1
-7.414172 -5.554899 -394.976440 0
-21.969522 21.383276 -400.908691 0
-9.154516 13.210812 -391.946014 1
6.673004 14.298662 -386.684601 0
-6.818357 0.385340 -390.489319 1
8.423494 1.137644 -385.649353 0
4.156101 -0.633019 -388.188629 0
-4.763556 -29.459059 -389.797089 2
-0.167736 1.151865 -390.470184 0
-2.466943 31.522167 -390.025055 -1
7.108131 -28.682390 -382.835175 2
2.127654 2.676612 -389.256836 0
-2.479921 -13.467673 -392.076782 0
6.625270 -35.295483 -383.918579 0
-29.410194 33.660606 -388.196289 -1
8.423483 14.512720 -385.648804 0
-9.573767 33.908440 -388.125366 -1
-6.630910 -9.163627 -394.556030 0
7.674659 1.896958 -386.103729 0
-18.396713 -22.291939 -403.184570 0
-21.370794 -6.325876 -394.701050 0
-13.277755 -19.505381 -400.144135 0
-20.374657 -28.173569 -400.532104 4
-12.158486 -0.388407 -397.827545 0
6.859286 -24.931637 -382.943115 2
-18.588179 6.966516 -401.615021 0
-19.675610 -5.921637 -402.332916 0
-16.161682 -3.794809 -400.159943 0
7.124777 30.511318 -383.731659 0
8.859224 -9.638221 -382.646881 0
-4.244353 12.857486 -389.015869 1
14.496030 14.769847 -379.290619 0
-0.680333 15.996094 -391.065765 0
-7.153141 -6.069876 -394.849579 0
13.036229 -21.020742 -380.192993 0
-11.009160 33.390442 -394.000793 -1
15.268857 8.828940 -379.973877 -1
-17.472206 -14.268944 -400.157318 3
17.139000 22.423061 -382.828766 -1
-3.471304 33.648632 -388.058167 -1
12.885196 14.417075 -383.107208 0
7.851337 -31.651806 -382.390472 2
4.617964 -30.804083 -384.301605 2
-15.895483 11.651693 -400.057434 0
9.825393 -14.841465 -381.232452 2
-16.702011 7.210070 -400.545410 0
6.171996 11.778960 -387.035400 0
-0.167872 25.957748 -390.785339 0
-5.527943 2.169538 -389.682129 1
1.352086 -26.914499 -386.225494 2
-5.539714 6.262834 -390.511902 1
-25.803019 34.447601 -403.360504 0
-9.673341 8.855520 -392.162140 1
-26.340349 1.982410 -403.496582 0
-3.771936 25.069450 -392.894623 0
7.675431 22.364475 -386.142578 0
3.615304 -33.862083 -384.759064 2
-14.510036 32.426849 -397.996277 -1
15.269598 -18.523062 -379.992310 -1
-3.771696 -9.638631 -392.869659 0
-8.940616 -30.794970 -393.833435 4
8.345850 -29.627043 -382.094574 2
15.268506 -2.857375 -379.965149 -1
-6.307367 31.818222 -390.526184 -1
-25.539087 -11.743798 -403.365143 0
-9.710822 -34.389729 -393.681610 0
-1.964739 -4.740761 -391.774475 0
-6.631279 -7.614919 -394.577972 0
1.106877 32.963547 -388.963470 0
-23.058819 24.835587 -401.584869 0
0.851866 -25.317127 -388.864136 3
-22.517332 23.505606 -401.311035 0
6.923202 -7.712167 -386.511414 0
-18.452408 32.482681 -398.681549 -1
8.099267 -14.131399 -382.269714 2
-12.092688 -29.385414 -395.674622 4
1.364538 -10.583153 -389.782593 0
-9.780918 27.376799 -396.523346 0
8.593162 -22.368290 -381.962067 2
7.674956 -0.124308 -386.118652 0
-10.153192 31.589334 -390.856110 -1
-22.128668 16.517500 -403.812836 0
11.557933 -12.579296 -380.719788 2
-6.632103 19.240583 -394.627014 0
6.129977 27.294437 -384.400452 0
3.665755 -13.911324 -390.128265 0
-10.469768 13.507955 -393.129456 1
-17.924774 27.517647 -398.563385 0
-9.674283 11.936147 -392.200287 1
-2.206930 -34.764713 -389.227081 0
-23.162537 -8.576914 -403.391174 0
12.030944 -25.728304 -379.905884 2
-23.219072 8.866705 -404.375763 0
-26.337185 21.254713 -403.448120 0
5.629691 30.834238 -384.627472 0
8.863944 24.929640 -382.850739 0
-2.708861 9.525213 -388.080811 1
-16.433327 23.451763 -400.391754 0
-3.771695 -12.466565 -392.869598 0
9.085836 -33.587315 -381.636963 2
-12.601435 34.541576 -395.372406 -1
3.927999 34.141548 -390.793610 -1
3.866525 -24.792837 -384.677612 2
-13.149394 -28.392805 -396.275787 4
-25.518715 15.958539 -403.043365 0
-4.549333 -14.798487 -393.352203 0
-24.693150 -8.031134 -402.497070 0
12.791883 24.267920 -380.332794 0
-6.869933 -17.376509 -393.443054 3
-15.093147 19.746006 -399.629700 0
-20.712097 -13.282051 -401.989105 0
-15.896125 2.750990 -400.073608 0
-14.290199 10.841351 -399.137909 0
-4.289243 -14.275624 -393.130188 0
5.165169 0.382471 -387.582703 0
-0.680308 27.510801 -391.051483 0
-26.337135 9.902376 -403.447357 0
5.165385 1.650668 -387.598907 0
-4.022921 32.217171 -392.272156 -1
-0.936833 -8.573770 -391.203308 0
17.890965 32.650124 -388.263153 -1
-0.167863 19.563652 -390.764008 0
-5.763636 32.912689 -388.363373 -1
-19.834890 -27.628445 -400.228973 4
-15.627355 3.796560 -399.902191 0
-5.314638 32.773193 -392.783142 -1
0.848923 30.305391 -387.520264 0
-10.833334 -0.387615 -397.015686 0
-2.457278 -28.598125 -388.496918 2
-0.673081 6.458036 -386.897003 1
-7.940078 18.501902 -395.396820 0
7.603235 -25.404081 -382.510437 2
7.674411 -6.693186 -386.091248 0
-23.590374 -26.712126 -406.208099 0
3.662707 32.779690 -389.803925 -1
5.367074 -23.484484 -383.864716 2
-1.450524 20.626263 -391.519135 0
3.396338 4.959983 -388.542603 0
14.496029 3.849078 -379.290588 0
-9.723919 -31.856474 -394.212585 4
14.997106 -25.942036 -379.395905 -1
-13.222966 25.687433 -398.493011 0
1.109819 16.973213 -389.997375 0
-8.428394 32.359772 -394.008453 -1
8.838598 -32.598537 -381.755981 2
-20.649988 -9.832792 -400.783630 0
-18.755329 -26.798632 -399.571289 4
-16.971182 1.706485 -400.705719 0
13.682821 -9.681483 -384.364380 0
15.002222 -3.102420 -379.525330 -1
5.422915 32.616104 -387.858582 -1
-14.289762 13.975167 -399.125732 0
-10.497696 -34.433098 -394.178101 0
5.165382 6.469748 -387.598663 0
-21.852608 10.434328 -403.599701 0
9.420610 15.500176 -385.102631 0
-23.303698 34.417492 -388.137665 -1
-26.061544 -21.769009 -403.272339 0
10.716234 32.488342 -386.339325 -1
-10.536338 -20.320852 -395.629059 3
-12.294002 10.181509 -393.820679 1
-0.167872 22.633356 -390.785034 0
-20.216297 13.043120 -402.603485 0
8.859488 30.676376 -382.658264 0
-26.608273 -32.347065 -403.551331 0
-14.287851 -9.790807 -399.072327 0
0.088421 34.259380 -392.142334 -1
-8.631959 11.659686 -391.534943 1
8.173390 -2.648576 -385.768188 0
-0.166286 -28.241613 -387.094879 2
9.670099 19.022755 -384.992157 0
-19.479446 -14.660516 -403.729584 0
-1.965198 27.055244 -391.865967 0
5.416585 -10.772131 -387.405853 0
-12.940663 28.248655 -397.839142 0
-6.568303 -29.537180 -390.830780 2
10.683295 31.884413 -385.151794 -1
16.338253 13.364927 -381.697479 -1
4.116991 -33.590790 -384.535614 2
-5.569183 -22.476831 -392.589233 3
11.698696 -10.210811 -385.356537 0
-13.393814 -34.318176 -395.827667 0
-21.208641 -8.272307 -401.419250 0
-23.235279 13.374480 -404.658051 0
-18.343069 33.373920 -390.788330 -1
2.128103 -2.927866 -389.338898 0
14.010343 11.055717 -379.594788 0
14.069411 34.412636 -388.082886 -1
-17.658415 28.552357 -398.444305 0
-8.828067 32.192688 -388.875641 -1
-17.942608 31.722151 -398.959900 -1
-4.808952 19.958729 -393.511871 0
-5.573695 33.554886 -392.907349 -1
-15.786492 27.691404 -397.314362 0
5.920030 8.742061 -387.137665 0
-19.481848 -15.983445 -403.779358 0
7.924285 6.694669 -385.943268 0
-19.473562 -14.391977 -403.607666 0
2.374365 -22.208649 -387.905029 3
-22.942858 7.804395 -404.176239 0
14.252357 -33.640308 -379.417999 0
-15.321327 32.749622 -398.755219 0
13.521836 -2.607890 -379.842163 0
7.603801 -25.906624 -382.538940 2
-7.700367 -26.585276 -396.390137 0
17.417809 10.164207 -383.445892 -1
16.609943 18.134281 -382.195801 -1
7.108254 -20.916670 -382.841766 2
8.345915 -12.624818 -382.097534 2
-24.152603 20.140039 -402.276733 0
-9.933016 8.344617 -392.272156 1
17.142654 -33.699383 -382.910370 -1
-2.995994 -8.856597 -392.392120 0
-2.996512 19.905376 -392.459930 0
-5.848661 -8.379206 -394.092529 0
17.374619 35.683205 -388.091675 -1
14.010866 -31.918386 -379.608978 0
-14.516860 -17.325308 -398.183472 3
7.201735 30.079433 -387.876526 0
7.603794 -22.652378 -382.538574 2
-20.106567 -33.144028 -400.418243 4
10.391423 -9.413432 -383.690552 0
-21.034950 17.544762 -403.129913 0
-6.891456 -9.424672 -394.675659 0
13.521463 18.270662 -379.831665 0
-8.463531 -4.528766 -395.651062 0
-13.078887 7.868736 -394.150970 1
-20.916147 -29.770000 -400.853088 4
-21.029392 -3.821963 -403.023376 0
16.338903 12.116538 -381.712677 -1
-21.702253 27.149063 -400.822815 0
10.589030 24.358562 -381.753387 0
11.297534 -18.789354 -380.349274 2
-0.167278 -24.587837 -389.404205 3
-12.743973 -14.257792 -399.844574 0
8.422796 -2.899880 -385.617340 0
-10.455777 4.498008 -392.604095 1
-23.149487 -13.848510 -403.163910 0
-8.391096 6.290947 -392.264862 1
-26.791142 34.285408 -398.408539 -1
1.357246 8.754751 -387.699615 0
-19.212292 -18.092478 -403.673126 0
-15.008286 -26.131775 -397.382782 4
12.959030 -8.444445 -385.302490 0
10.164270 1.889598 -384.605713 0
-19.402451 -0.655759 -402.133820 0
-18.318094 -0.654663 -401.461548 0
14.255499 22.724859 -379.501617 0
5.218552 34.210991 -391.588440 -1
-11.326937 -18.530083 -396.087891 3
13.306692 34.412457 -388.080872 -1
-7.414951 -3.229064 -395.017975 0
-12.309036 34.190060 -394.302246 -1
-18.041607 -7.479457 -401.161194 0
-19.710199 34.485798 -397.712921 -1
-11.009456 33.649174 -394.011383 -1
16.334581 -31.087908 -381.611694 -1
14.251654 28.677219 -379.399261 0
9.917078 14.983993 -384.789886 0
-4.506787 -31.999655 -389.673492 2
-18.703640 32.204704 -398.470093 -1
-19.674376 -2.235609 -402.307709 0
2.898437 33.054855 -390.040894 -1
-15.522246 32.362988 -397.212433 -1
1.874300 25.623810 -389.596069 0
-7.940298 28.076014 -395.407776 0
14.108917 32.550755 -396.333862 -1
-25.521002 18.070099 -403.079498 0
-18.589170 5.127134 -401.636475 0
-24.425041 33.840927 -402.423767 0
-26.786081 32.714970 -398.333282 -1
-6.630984 -9.938304 -394.560455 0
-15.358829 -3.006018 -399.731262 0
-6.603684 32.271694 -392.936035 -1
7.673767 1.138852 -386.058838 0
-12.549886 2.965207 -393.755066 1
-18.857540 -1.706713 -401.748840 0
5.367046 -15.195052 -383.862701 2
-17.656153 27.766600 -398.393250 0
-24.326250 -23.727322 -405.168945 0
-27.629683 34.676121 -388.189606 -1
12.143636 10.917489 -383.464386 0
-10.088133 32.911690 -388.351624 -1
-2.207188 30.951887 -389.272552 0
2.120592 -24.750826 -387.964813 3
-23.041023 -17.395691 -405.905609 0
-8.114190 11.908833 -391.302826 1
-12.159245 -10.802259 -397.852386 0
-18.051126 16.680344 -401.372864 0
-11.677347 -21.287792 -399.197052 0
-13.986615 -17.835491 -397.939362 3
-2.996398 21.959082 -392.445099 0
4.409195 26.540159 -388.083771 0
7.957798 33.353161 -387.575500 -1
-3.253820 -2.181036 -392.487030 0
-18.859571 5.392045 -401.792114 0
7.171836 33.240486 -386.266205 0
13.619401 33.674576 -382.582855 0
14.011573 -1.115899 -379.628143 0
13.277690 24.991087 -379.975861 0
2.128511 22.299101 -389.413544 0
14.257051 10.557478 -379.542938 0
15.534580 -11.572593 -380.385712 -1
2.360736 -33.438236 -385.678375 2
3.903347 -6.478065 -388.341003 0
16.332775 -20.847158 -381.569489 -1
-4.290773 28.953646 -393.270477 0
4.408422 9.015797 -388.015686 0
-19.672562 -3.814825 -402.270599 0
-22.862198 18.055565 -402.755280 0
-12.686429 -13.672476 -398.039124 0
-18.988699 -35.113224 -398.975159 0
-20.027927 -22.608334 -404.124054 0
5.416748 -1.392313 -387.417511 0
2.880078 31.577396 -387.570374 -1
4.867832 -31.797775 -384.153931 2
3.144263 15.141889 -388.844666 0
-4.808208 -2.186393 -393.450958 0
5.165055 -4.943554 -387.574127 0
-11.027640 32.671719 -394.662170 -1
13.037226 33.964397 -380.222076 0
12.299843 -6.596705 -380.525818 0
-1.707666 21.403328 -391.673950 0
-3.731098 9.793278 -388.640900 1
-25.449097 -3.811726 -401.943817 0
8.423574 12.493976 -385.652985 0
-17.009254 24.836809 -401.604645 0
11.154428 -1.128750 -383.999939 0
-6.057330 -28.774961 -390.899170 2
-17.924595 29.603840 -398.559418 0
-11.098627 27.423700 -397.202667 0
-16.163408 23.440687 -400.202667 0
-5.271313 -0.125423 -389.581146 1
0.599067 33.827400 -390.119873 -1
4.428063 -13.642598 -389.744446 0
6.171777 -5.189765 -387.021606 0
-16.167496 25.018314 -400.303864 0
14.359900 34.148312 -382.280914 0
-5.069857 28.731661 -393.755127 0
1.619239 -12.873734 -389.631165 0
2.861902 -33.894238 -385.124390 2
13.763722 -3.103447 -379.650940 0
-26.625687 17.838844 -403.815460 0
1.108914 2.424519 -389.679230 0
11.540905 -24.252834 -380.158905 2
-14.023898 15.798447 -399.000153 0
14.497767 -23.952112 -379.336060 0
9.085240 -21.099194 -381.611908 2
1.364838 23.855860 -389.868164 0
-14.287892 -5.351374 -399.073486 0
9.662749 -6.669059 -384.699524 0
-5.683570 15.163670 -382.968414 0
0.596226 10.800236 -388.270111 0
-9.777424 -6.612196 -396.381714 0
17.380177 31.629984 -388.215820 -1
5.165614 15.347693 -387.616058 0
7.372120 30.745646 -383.522369 0
-10.249459 29.565117 -394.562012 0
-15.627330 14.002332 -399.901550 0
2.637422 9.808044 -389.226868 0
-0.419368 5.441785 -386.645203 1
-0.167062 31.431244 -388.900024 -1
-1.946542 33.910229 -388.145844 -1
14.009715 -34.896412 -379.577789 0
-18.939716 -23.893600 -403.499542 0
-1.707721 23.454494 -391.686401 0
-9.739782 33.462891 -394.855682 -1
7.124518 31.012405 -383.717743 0
-13.183137 -17.286549 -397.292694 3
-17.537054 24.313499 -401.642517 0
4.367941 -31.067772 -384.452698 2
12.276733 -29.698505 -379.810852 2
-13.488219 3.001825 -398.617645 0
-12.815756 6.834408 -393.999115 1
-5.089749 -24.701435 -395.300018 0
-21.461847 -33.474361 -401.237030 4
6.673003 17.841188 -386.684570 0
-21.518602 -9.606692 -402.298065 0
7.424006 -8.464590 -386.221649 0
-5.528809 -0.125475 -389.743225 1
-8.989480 23.193701 -395.985870 0
17.417612 13.676911 -383.441589 -1
-3.248655 33.465782 -391.863983 -1
-5.283228 6.262029 -390.461731 1
-16.451052 -11.407514 -400.823639 0
1.101803 -34.328545 -387.180389 0
-16.123619 33.571304 -399.217499 0
-7.415787 18.744778 -395.062500 0
-9.253138 17.241789 -396.168427 0
-18.647282 34.187378 -397.269409 -1
-20.103992 -26.328012 -400.366943 4
-4.550335 21.499771 -393.438843 0
-1.450875 34.469471 -391.613831 -1
-13.755840 -9.001367 -398.806183 0
16.065573 -19.827106 -381.160187 -1
-22.893253 -30.479729 -403.302399 0
14.496791 -6.575637 -379.310516 0
-21.850676 8.848907 -403.564056 0
-9.541680 32.376427 -397.377411 0
-22.214413 -22.147919 -405.377563 0
-9.815120 -21.479540 -397.909943 0
-2.996195 -1.923865 -392.418457 0
-7.594653 1.153276 -390.948364 1
-14.477028 -29.750446 -397.090912 4
2.628080 -18.144606 -387.848175 3
1.351948 -27.669891 -386.186127 2
-21.394693 -22.654016 -404.940643 0
9.170990 15.756722 -385.213684 0
-25.197950 -33.023209 -402.137726 0
2.376990 31.385490 -388.333923 -1
-16.702078 16.908131 -400.546967 0
0.085936 11.100164 -381.120880 0
-12.092248 -29.643257 -395.660217 4
-20.102694 -30.779873 -400.341064 4
-18.935127 -19.928156 -403.401794 0
-2.738406 23.235329 -392.313568 0
-10.305992 -2.464277 -396.738251 0
6.422089 -11.768600 -386.828339 0
10.908202 16.217541 -384.187164 0
5.416634 -5.448476 -387.409332 0
1.367382 33.868584 -390.594788 -1
16.070047 24.077993 -381.266357 -1
19.191858 35.033966 -383.761780 -1
-15.895819 3.798114 -400.065887 0
-14.556721 -2.218767 -399.276825 0
-4.757363 10.319129 -389.290344 1
5.366874 -30.014368 -383.850403 2
-19.082705 33.454651 -400.950317 0
-13.755628 15.268592 -398.800049 0
10.562101 -30.023661 -380.782562 2
2.382474 -8.530520 -389.229889 0
14.252148 -15.018889 -379.412415 0
-1.965067 23.207270 -391.839813 0
-3.219847 7.499555 -388.389099 1
9.668358 3.906235 -384.922821 0
17.413874 -11.663060 -383.359283 -1
14.251866 8.815720 -379.404877 0
15.084736 33.901264 -388.043243 -1
-17.841812 -24.629618 -402.582489 0
-17.668362 34.568680 -398.668762 -1
2.382279 -11.840689 -389.197876 0
-25.865063 32.409191 -388.420624 -1
0.343762 -0.125687 -390.399597 0
4.913146 -6.467872 -387.729950 0
5.367062 -32.778534 -383.863861 2
-23.964542 -1.186209 -403.547333 0
-12.101306 34.333508 -395.956604 -1
1.874119 21.797548 -389.558228 0
3.650164 -12.581130 -388.468994 0
10.786501 31.946915 -379.900848 -1
-1.691843 -33.135532 -388.044647 2
-14.346978 -13.240245 -400.723785 0
1.364760 24.619822 -389.845978 0
-20.489067 3.033180 -402.781250 0
0.854611 -3.699571 -390.117188 0
-19.267887 29.400856 -399.344818 0
11.154105 2.137841 -383.988831 0
14.741892 32.634453 -379.223877 0
-22.788757 30.870232 -401.461548 0
-14.559847 25.482153 -399.362579 0
10.093470 30.367805 -381.926727 0
-15.090615 -1.435961 -399.562653 0
7.202505 33.636478 -387.917999 -1
-6.891746 -14.332347 -394.692291 0
1.614169 6.991646 -388.411194 0
9.420647 -4.660046 -385.104187 0
1.873950 22.560278 -389.523254 0
-7.939706 24.451750 -395.378326 0
4.935036 28.927771 -389.457428 0
1.623131 34.377396 -390.567749 -1
-25.057941 3.572227 -404.128143 0
-4.537726 33.507172 -392.348633 -1
-11.107502 0.392278 -397.520325 0
13.766214 -25.467215 -379.719696 0
-11.505190 8.881480 -393.311737 1
17.418991 16.689219 -383.471924 -1
-5.067979 -15.323295 -393.609253 0
11.155280 2.891966 -384.029236 0
16.869085 -23.144329 -382.394897 -1
7.674866 7.708291 -386.114105 0
-11.865094 34.933571 -388.227722 -1
-12.958258 25.158773 -398.380096 0
-18.589401 5.390023 -401.641449 0
7.424130 -4.926385 -386.228119 0
-23.331469 22.216835 -401.749969 0
4.868442 -32.807411 -384.202087 2
-2.476669 33.183826 -391.562744 -1
11.781958 33.652191 -388.099213 -1
-15.253643 29.487539 -396.993652 0
8.098982 -14.631182 -382.256287 2
-8.893272 10.384273 -391.747894 1
-3.512492 -12.203047 -392.662598 0
-18.829535 -7.479289 -401.152191 0
-1.193711 23.181576 -391.405975 0
10.316317 -14.330669 -380.917328 2
-17.238434 -7.210745 -400.816528 0
6.448278 31.391298 -388.405792 -1
17.630936 36.195423 -388.137787 -1
5.864478 -18.694284 -383.504852 2
-0.673008 10.254586 -386.855469 1
11.017378 33.900314 -388.032349 -1
2.636543 -12.601477 -389.097229 0
11.390620 -8.153629 -383.483154 0
5.615661 -21.715052 -383.668854 2
-3.501857 -22.925306 -391.473694 3
-3.254888 21.968636 -392.615845 0
-25.534573 -29.951267 -403.293823 0
7.423728 1.392015 -386.207214 0
-18.666929 -18.076492 -403.316498 0
-19.397200 -7.232485 -402.024933 0
16.068151 -26.815245 -381.221375 -1
-1.950786 -35.252834 -388.992249 0
11.323289 24.823214 -381.216339 0
-0.419502 3.671877 -386.769043 1
-10.536399 -16.955372 -395.631348 3
-1.440072 -34.717449 -388.697937 0
-9.816569 -15.232586 -397.968658 0
-14.253369 33.478107 -398.109222 0
-14.251184 -16.538000 -398.048187 3
-1.435078 4.437812 -387.350006 1
15.795939 26.781111 -380.679352 -1
0.340257 6.450059 -386.419098 1
-22.328642 -10.669007 -402.648895 0
-7.104501 31.695093 -392.164673 0
-12.610287 -34.302784 -395.650146 0
-23.607821 18.546644 -401.974426 0
2.629835 32.890980 -388.107239 0
1.364618 -5.737252 -389.805328 0
2.108929 -32.946514 -385.831085 2
-2.996270 27.607656 -392.428253 0
-26.619560 13.607748 -403.722534 0
-18.727232 -34.590851 -398.972687 0
-7.153007 -8.653521 -394.842163 0
-15.620902 26.552362 -399.737061 0
-6.109052 -5.028539 -394.236969 0
-15.090225 -3.789047 -399.552338 0
21.948471 34.410049 -388.053741 -1
-25.243862 14.633545 -402.870453 0
13.768989 -26.963530 -379.796234 0
-13.489011 -9.519364 -398.641052 0
-5.534873 -33.572395 -390.170654 2
13.862850 5.882278 -382.385223 0
4.681091 29.444849 -389.554993 0
-16.059336 26.932522 -397.625824 0
13.129087 1.881223 -382.901123 0
-0.680312 -5.755623 -391.053497 0
15.587024 32.595188 -381.669861 0
-22.650049 -31.828772 -403.676331 0
14.011171 -13.039693 -379.617249 0
12.053121 -32.749416 -380.606171 0
-2.198907 9.772395 -387.812164 1
-14.822611 9.280175 -399.393799 0
-1.190584 32.828175 -390.380463 -1
-0.937020 27.270939 -391.281555 0
16.607050 -4.123933 -382.129211 -1
4.913240 -9.766443 -387.737396 0
0.850658 32.654293 -388.312714 -1
-5.000159 32.656750 -388.341919 0
-0.166923 27.590944 -388.576294 -1
-2.479473 -15.517399 -392.005951 0
-17.511099 13.780039 -401.048035 0
-25.194380 33.294125 -389.853973 -1
-6.043078 -0.635939 -389.979431 1
3.866770 -30.080956 -384.701996 2
-16.161322 -10.340970 -400.150970 0
-7.598154 9.600019 -391.128571 1
16.603188 -28.372845 -382.040344 -1
17.410635 19.941809 -383.287994 -1
-14.082781 -23.201982 -400.675446 0
-26.342596 -6.467394 -403.531006 0
-3.772024 20.184999 -392.903870 0
6.170994 -5.948785 -386.972534 0
-17.950392 25.206322 -399.132996 0
-5.848964 17.152332 -394.112976 0
6.422124 -5.693467 -386.830414 0
13.034949 22.017729 -380.155670 0
7.107904 -30.936069 -382.822906 2
-10.058716 -28.461622 -397.236267 4
-12.556124 11.473836 -393.950775 0
-1.192136 33.126755 -390.889313 -1
7.658105 31.137934 -385.270905 0
-1.707616 -5.508291 -391.662415 0
-5.540254 8.307982 -390.549988 1
0.342564 -23.037285 -389.038666 3
-13.140797 32.403320 -388.350250 0
-5.090683 -23.671076 -395.372559 0
-8.157058 -32.818039 -393.370056 4
-11.099441 -6.886316 -397.231812 0
-1.964515 15.510574 -391.729736 0
-9.464459 33.919918 -394.161438 -1
16.437775 31.790928 -384.022522 -1
14.948664 32.840553 -384.542908 -1
-14.193377 28.408272 -396.433594 0
16.874313 -31.661980 -382.513367 -1
-16.772600 -22.766050 -402.238281 0
-12.158009 -4.553500 -397.811920 0
-11.765462 3.734827 -393.399719 1
9.664969 33.113274 -384.787933 0
-27.241009 33.212147 -401.190338 -1
-19.208784 -17.560961 -403.599426 0
-19.671823 -0.392730 -402.255493 0
-0.680339 22.905716 -391.069092 0
12.543784 -15.803277 -380.364380 0
-25.791296 -2.768102 -403.177277 0
-0.933827 -17.732510 -389.948303 3
-10.307700 16.230812 -396.804047 0
-16.165153 12.181004 -400.245850 0
14.110875 33.651314 -382.318604 0
8.173979 -8.707717 -385.795959 0
-26.613451 -8.317863 -403.629852 0
-20.697607 -7.752517 -401.707825 0
-14.476550 -30.009300 -397.077789 4
-14.555131 -9.272255 -399.233215 0
9.085495 -27.842367 -381.622620 2
-13.487332 -6.909885 -398.591400 0
9.577851 -28.568836 -381.319519 2
1.873983 -10.321395 -389.529999 0
5.669019 3.677055 -387.314392 0
12.543992 -20.781660 -380.370667 0
6.113438 -28.471096 -383.363312 2
-23.334646 27.478500 -401.804688 0
0.847210 6.455388 -386.738342 1
-22.756870 33.068821 -396.326233 -1
5.919663 16.594393 -387.113647 0
-25.294636 -16.772020 -403.680756 0
8.838760 -16.361021 -381.762970 2
-13.396849 29.148516 -395.917358 0
4.661340 13.582499 -387.911255 0
9.086042 -24.347679 -381.645569 2
-2.963884 8.003687 -388.186676 1
10.399713 31.034945 -383.996613 0
5.440322 28.901487 -389.103577 0
-22.125740 -2.243677 -403.759399 0
-9.414431 0.900041 -392.077942 1
-14.883972 -18.237217 -401.047150 0
11.113740 -7.884471 -382.599243 0
0.088077 23.134939 -390.618561 0
11.651088 33.278393 -383.788330 -1
-19.436026 33.161240 -397.433838 -1
-13.149393 -28.133490 -396.275757 4
-15.539128 -26.929609 -397.644440 4
-12.158602 -2.471067 -397.831360 0
4.411409 31.381016 -388.278564 -1
8.678139 32.185459 -385.739227 -1
1.351989 -33.736008 -386.198029 2
4.661712 19.168522 -387.942291 0
13.265929 34.053864 -386.892029 -1
-19.293838 -27.866217 -399.882721 4
-11.239865 1.673853 -393.043091 1
-1.707412 -4.482575 -391.615662 0
9.747069 34.410297 -388.056549 -1
-24.684349 -35.147266 -402.353638 0
-23.984200 -30.787544 -403.878326 0
-21.578197 3.037931 -403.412231 0
-24.593512 5.172618 -405.199432 0
5.714176 33.340717 -390.399567 -1
0.597263 -24.813395 -388.945557 3
6.170961 -6.455203 -386.970489 0
7.990555 33.235790 -389.170929 -1
13.541178 33.855225 -387.516266 -1
13.373608 5.136108 -382.720795 0
15.798318 3.365462 -380.736664 -1
13.035189 -0.868701 -380.162659 0
-20.351171 27.098103 -400.070435 0
-16.702976 10.093841 -400.568573 0
8.363854 24.934074 -382.918854 0
-4.031106 27.138391 -393.070282 0
3.143953 19.211214 -388.806335 0
-17.778662 -5.379320 -401.157532 0
-16.586109 29.284609 -397.765869 0
9.917036 17.501898 -384.788269 0
11.298934 -29.993212 -380.396393 2
-12.551114 8.634671 -393.793610 1
-14.616475 -19.805347 -400.915833 0
6.114291 -26.969669 -383.416779 2
14.998366 -6.329380 -379.427795 -1
8.423312 6.184717 -385.641022 0
14.496974 -17.497200 -379.315338 0
12.635929 5.392712 -383.158478 0
10.831624 22.843929 -381.490082 0
21.692854 33.138210 -388.028320 -1
3.650580 14.874748 -388.513245 0
-10.808814 34.088215 -396.117096 0
-12.425292 16.020349 -398.026367 0
0.850752 33.166134 -388.355255 -1
-26.062851 21.774328 -403.292542 0
8.922757 13.998635 -385.390991 0
-0.680347 -4.220465 -391.073975 0
9.668265 4.913727 -384.919159 0
9.469493 28.499426 -387.100922 0
-6.523024 34.417393 -388.136536 -1
3.927212 33.623356 -390.715302 -1
9.579619 -16.095459 -381.389893 2
-12.632939 32.151546 -388.378693 -1
19.152323 33.902218 -388.054169 -1
-0.168006 32.888493 -391.097748 -1
7.107262 -27.676928 -382.788330 2
3.388400 33.358238 -387.634521 0
-7.165221 -22.903234 -395.516357 0
-0.680214 -11.127850 -390.997162 0
-2.738177 -8.340682 -392.280670 0
-2.737863 -11.933111 -392.235748 0
16.334766 10.615143 -381.615997 -1
-14.519093 -17.067369 -398.244720 3
7.424380 10.238302 -386.241150 0
0.597223 -24.048223 -388.919373 3
-26.337318 7.790375 -403.450165 0
-5.588722 29.004900 -393.966644 0
-16.124229 33.311325 -399.232574 0
-7.381203 33.838909 -393.220093 -1
-5.873984 -24.991610 -395.798859 0
1.113122 32.125652 -391.157867 -1
-3.512927 -15.031354 -392.711212 0
2.128294 18.474867 -389.373901 0
-6.370439 19.747255 -394.431305 0
12.791646 -2.113457 -380.325745 0
-15.360511 7.719410 -399.775024 0
-2.736020 32.705494 -391.971741 -1
-16.163605 1.966250 -400.207489 0
9.293110 34.102196 -390.343170 -1
15.268383 -31.948078 -379.962097 -1
-15.155021 -21.398230 -401.267975 0
9.577403 -22.579132 -381.301666 2
-5.849485 23.086056 -394.148041 0
-6.052067 -30.283401 -390.559540 2
16.064331 -20.823187 -381.130737 -1
1.363551 11.344228 -389.500732 0
0.597225 -26.338816 -388.920746 3
-13.489196 16.045309 -398.646515 0
-22.398609 6.742025 -403.910614 0
9.332506 -29.081732 -381.501068 2
-17.500530 -10.095619 -400.806000 0
-24.142431 -6.707706 -402.107300 0
5.615760 -28.243221 -383.675659 2
3.373466 -34.722412 -385.926056 0
-4.773060 -34.629505 -390.574829 0
6.114225 -25.213104 -383.412659 2
-16.972727 18.489792 -400.742188 0
21.693697 31.615936 -388.043396 -1
-11.629651 19.123745 -397.566528 0
-22.646666 -30.767548 -403.616028 0
-18.939014 -15.707745 -403.484589 0
6.922964 -8.217734 -386.498138 0
14.741006 27.421535 -379.201050 0
-11.893422 0.652665 -397.678253 0
-23.762838 4.370833 -404.613953 0
8.174980 12.752626 -385.843231 0
26.525400 27.555269 -388.073883 -1
-14.558371 7.188049 -399.322083 0
-3.481256 -28.902395 -389.170776 2
11.155089 1.635437 -384.022705 0
10.806821 -12.824950 -380.616516 2
6.859651 -26.185974 -382.963470 2
-13.276561 -19.241804 -400.108154 0
-19.944143 -1.446278 -402.433472 0
-8.990882 25.011473 -396.047638 0
-1.965103 18.335793 -391.847015 0
4.877542 -35.135685 -384.920227 0
-15.276566 -26.665768 -397.590271 4
-13.486475 -13.168952 -398.566101 0
-18.381781 32.618244 -397.155609 -1
-14.131066 34.223957 -394.693207 -1
-20.374662 -31.056669 -400.532227 4
15.000634 6.334319 -379.485168 -1
10.563623 -29.529564 -380.837433 2
-16.232845 -18.803013 -401.921875 0
17.421301 20.455963 -383.522797 -1
-1.184226 32.652859 -388.295685 -1
14.010707 -7.822760 -379.604675 0
-25.060581 -9.651410 -404.170715 0
10.763369 34.662632 -388.038635 -1
4.408593 10.031822 -388.030792 0
2.382358 11.845168 -389.210876 0
4.913586 6.472519 -387.764648 0
14.492283 -20.469158 -379.192566 0
-25.244703 25.443197 -402.883850 0
1.109851 22.843594 -390.008484 0
13.205435 31.378386 -385.127777 -1
-11.364468 24.316746 -397.400269 0
-16.315331 -34.204502 -397.516876 0
-23.499069 10.196333 -404.635925 0
-14.611461 -17.962730 -400.778259 0
11.079237 -22.585630 -381.411407 2
6.923988 10.752537 -386.555328 0
0.087542 32.394447 -388.243927 -1
-3.475018 3.179642 -388.473450 1
-19.756847 -22.072332 -403.994080 0
-5.848396 -14.052048 -394.074707 0
-6.092186 34.090019 -393.148529 -1
-6.134465 -26.809910 -395.876953 0
-8.464123 -11.520011 -395.678711 0
17.143444 -2.879656 -382.928040 -1
-26.881170 -29.979925 -403.679718 -1
-22.217648 -16.314356 -405.436615 0
17.413940 -8.401889 -383.360748 -1
-14.823848 15.031224 -399.427094 0
7.175232 21.370697 -386.449127 0
-10.775808 -32.171047 -394.907501 4
1.619405 -2.165388 -389.671082 0
4.617125 -31.552786 -384.231781 2
13.542138 -17.796741 -380.412445 0
8.858744 24.664633 -382.626129 0
-21.151415 33.511848 -395.433380 -1
-17.506548 -9.836722 -400.943817 0
-17.509007 4.594200 -401.000122 0
-23.445364 -28.661364 -403.711151 0
-16.073797 -29.817348 -397.983887 4
16.066643 0.126719 -381.185547 -1
8.838393 -29.849909 -381.747131 2
-18.590546 14.589802 -401.666199 0
-17.240419 6.428835 -400.862732 0
0.600193 33.891018 -390.853516 -1
-6.370096 -6.579306 -394.410126 0
-10.457004 9.123482 -392.650146 1
-0.167830 -12.653004 -390.688263 0
-12.955707 17.855907 -398.301666 0
-4.289784 -14.534712 -393.179779 0
-13.489830 12.393778 -398.665253 0
12.798490 34.667027 -388.087799 -1
9.419597 8.947149 -385.061249 0
15.596116 34.415737 -388.117889 -1
-17.470375 -14.791101 -400.115387 3
12.989757 -33.340950 -378.837646 0
1.109667 -9.056510 -389.943939 0
-12.690558 -10.550294 -398.168671 0
-2.671532 13.902086 -382.732941 0
0.343661 -0.381043 -390.284973 0
-10.978676 11.700630 -392.909821 1
-13.487824 -0.650006 -398.605927 0
8.121678 -9.404524 -383.327484 0
-24.326380 -21.076097 -405.171082 0
-2.213457 -0.636589 -390.378143 0
14.008047 -9.808136 -379.532593 0
8.344337 -25.371862 -382.025330 2
16.099661 34.151299 -387.998993 -1
-4.763572 -29.714235 -389.798431 2
-18.318794 -5.909037 -401.476868 0
10.904763 34.307770 -384.066040 -1
12.202251 34.923649 -385.315308 -1
-4.563692 -26.464792 -394.593719 0
-24.423412 19.092777 -402.396942 0
-16.699686 -9.825579 -400.489655 0
-18.308987 -14.570909 -401.261932 3
2.647996 -16.492050 -390.787323 0
-19.754023 -19.954563 -403.936340 0
-24.541063 -9.919928 -404.335327 0
-17.239605 4.330105 -400.843781 0
-19.403103 15.923059 -402.147308 0
-20.976961 32.491493 -402.018555 -1
-27.123394 33.408817 -388.222290 -1
-8.200491 -8.408380 -395.464630 0
6.859279 -20.671595 -382.942688 2
11.155870 15.709105 -384.049561 0
-15.357780 2.486891 -399.703949 0
-18.726044 33.548592 -398.947388 -1
-26.343822 20.467848 -403.549774 0
-2.481659 34.534405 -392.351562 -1
-8.989852 22.676390 -396.002258 0
8.857964 -35.173565 -382.592438 0
10.764425 33.904186 -388.076691 -1
-26.595636 -28.596113 -395.501221 -1
-13.755087 10.570792 -398.784332 0
-19.133125 9.604024 -402.009735 0
-18.078300 32.225098 -401.977081 -1
12.636111 3.888386 -383.163971 0
5.714414 34.108543 -390.415802 -1
-16.185680 34.673729 -388.162842 -1
4.617951 -32.564343 -384.300568 2
11.153837 3.142860 -383.979584 0
-24.821671 -20.251705 -404.591949 0
18.900553 34.668476 -388.104034 -1
-17.387541 28.275574 -398.218262 0
2.137681 29.049133 -391.091370 0
15.004860 23.227068 -379.592041 -1
2.890478 -13.106420 -388.969910 0
16.601583 -24.870461 -382.003448 -1
-3.771045 -13.749620 -392.801849 0
-21.428085 32.901611 -400.605835 0
-25.721354 30.391857 -402.083893 0
2.382828 20.508701 -389.287628 0
-11.411041 -14.750936 -399.028870 0
1.615708 30.149628 -388.781677 -1
-0.936922 19.075464 -391.240387 0
-16.432569 17.162794 -400.373322 0
16.067959 -8.354901 -381.216766 -1
18.851488 32.805328 -387.096527 -1
-3.771755 -3.468642 -392.875763 0
-1.445279 -23.100342 -390.103516 3
-24.844007 5.169511 -404.956055 0
-6.524677 33.409904 -388.234894 -1
-18.196709 25.707302 -398.801239 0
-19.163151 22.529568 -402.640625 0
-11.571218 32.487934 -395.568939 -1
0.599401 19.542318 -390.337860 0
2.890236 19.981224 -388.937347 0
-11.862297 33.401413 -388.136200 -1
-18.046385 -8.531759 -401.267426 0
4.665773 33.159721 -388.280182 -1
-14.557482 3.006946 -399.297699 0
15.001044 -20.982180 -379.495544 -1
0.087450 31.091566 -387.837372 0
-16.429647 -6.939543 -400.302155 0
8.819985 32.035313 -380.952057 -1
-1.944138 1.397275 -387.666595 1
-3.224306 -30.920330 -388.927002 2
-15.090980 3.009015 -399.572327 0
12.050670 33.493774 -380.528778 -1
-0.936832 28.033449 -391.203033 0
-23.875582 26.705952 -402.049255 0
-22.582781 -5.133647 -402.477448 0
12.142627 13.174768 -383.432526 0
-22.121628 1.983333 -403.684387 0
7.423377 -7.453019 -386.188934 0
1.109763 -2.932669 -389.977600 0
-28.705158 31.946789 -388.980042 -1
-1.964432 32.683929 -391.713318 -1
7.175090 21.623154 -386.441498 0
-5.787836 14.165834 -389.994080 1
-2.964702 6.481352 -388.293823 1
-9.253787 22.428238 -396.196228 0
-21.973421 27.422092 -400.979858 0
7.923509 -5.174798 -385.905487 0
2.360446 -26.620724 -385.631042 2
-13.723057 34.498180 -397.855743 0
-16.700251 -0.128939 -400.503174 0
-15.691745 -23.515385 -401.549896 0
-4.548909 -10.421701 -393.315552 0
4.155512 -8.506492 -388.133575 0
-19.674751 19.352175 -402.315399 0
-12.868113 31.196815 -395.608734 0
-9.223106 -16.923283 -394.882629 3
15.001617 -8.317495 -379.510010 -1
-17.509769 4.069566 -401.017578 0
17.155764 32.726135 -383.203186 -1
-0.168255 34.218872 -391.678650 -1
-7.944754 -26.275383 -395.629700 0
14.743360 -6.078428 -379.261627 0
16.067295 -8.853455 -381.201050 -1
-20.488237 8.040703 -402.764893 0
-15.362338 18.970631 -399.822571 0
-24.799198 11.773093 -404.225677 0
16.866728 19.892563 -382.341431 -1
7.924793 -7.701325 -385.968048 0
-22.692312 16.807373 -404.429565 0
-1.959814 32.607079 -390.792297 -1
13.232003 -4.334376 -378.668427 0
-0.423980 -4.730142 -390.896942 0
-17.949368 -27.551214 -399.110229 4
12.078672 -16.845198 -381.412994 2
13.128470 3.384435 -382.883148 0
-19.392538 22.752726 -401.928345 0
0.596218 32.904350 -388.264984 -1
3.650765 16.909481 -388.532959 0
14.998108 -22.467781 -379.421265 -1
-8.143758 31.740679 -392.728699 0
6.099565 31.914631 -382.493347 -1
-22.445042 -2.778886 -404.747925 0
-27.389326 32.660549 -388.387115 -1
15.536630 18.299726 -380.435883 -1
-6.892465 -1.935215 -394.733490 0
0.343783 13.925928 -390.422943 0
-20.489408 6.196135 -402.787933 0
-9.988276 -33.682877 -394.454498 4
-4.289985 -14.792694 -393.198212 0
-0.423041 32.033188 -390.032013 -1
13.278961 25.988165 -380.012238 0
-9.413832 6.030998 -392.052979 1
-1.193742 32.915260 -391.416077 -1
-11.836635 33.023205 -395.779511 -1
17.150305 -27.447428 -383.081238 -1
-7.940282 20.313595 -395.406982 0
3.644081 31.851650 -387.821655 0
3.397384 17.169443 -388.662323 0
16.063334 -32.543125 -381.107056 -1
13.279368 16.539154 -380.023865 0
-6.303929 14.688253 -390.313293 1
-9.221070 -17.694584 -394.795502 3
-25.506187 -30.972425 -402.845520 0
10.644168 -9.163562 -383.741211 0
-26.334566 -27.055952 -403.407989 0
-14.288066 -2.739960 -399.078339 0
-22.762878 -20.837475 -405.687225 0
-15.960241 -19.317747 -401.687256 0
-20.844851 -22.897774 -404.565613 0
-14.474306 -32.862434 -397.016266 4
1.109845 27.182072 -390.006470 0
-2.219115 33.167999 -391.376007 -1
-15.693767 -23.255615 -401.601654 0
-6.230303 15.526421 -385.754700 0
9.824636 -30.555719 -381.203064 2
0.850174 34.413391 -388.091400 -1
-3.254371 -2.952040 -392.553467 0
-20.491920 8.569364 -402.837311 0
15.692546 31.307171 -384.253693 -1
5.117735 -33.546040 -384.023376 2
16.599060 -10.620298 -381.945404 -1
-5.849037 -3.221707 -394.117859 0
-4.243909 11.583458 -388.975159 1
-24.694078 17.781273 -402.512207 0
-12.956787 26.719885 -398.334869 0
4.618158 -16.973488 -384.317749 2
7.849905 -33.397305 -382.320679 2
15.709793 35.369156 -384.676025 -1
4.187983 32.126362 -391.166504 -1
-25.790333 -18.333399 -403.162201 0
14.740179 21.713081 -379.179810 0
0.343815 -8.301954 -390.459198 0
2.889919 -8.523174 -388.894714 0
8.174243 -3.911175 -385.808441 0
2.381759 2.675623 -389.113007 0
-21.842472 -11.481194 -403.412537 0
-14.288258 8.750667 -399.083679 0
-4.250062 -32.243526 -389.539124 2
-24.494383 14.130648 -403.566193 0
-8.892297 11.664750 -391.704987 1
15.267917 18.525009 -379.950470 -1
-1.961604 32.124943 -391.149231 -1
16.871248 -34.409119 -382.443909 -1
-20.371899 -26.597372 -400.477905 4
-25.522102 -15.165096 -403.096893 0
-9.152508 3.463786 -391.860046 1
15.538590 19.297956 -380.483887 -1
6.924073 18.594313 -386.560059 0
-5.786743 3.701796 -389.920410 1
-26.057617 -21.501875 -403.211548 0
-20.576796 -19.717995 -404.505829 0
7.173883 2.151134 -386.376465 0
-13.947448 34.408810 -396.825012 -1
-17.924374 26.995420 -398.554443 0
-4.500185 4.203272 -389.102661 1
12.244767 -7.806629 -378.821899 0
13.233067 -33.824360 -378.698853 0
-6.631145 -8.131160 -394.570007 0
-6.893347 19.506575 -394.783966 0
-11.297419 32.187260 -395.055634 -1
-10.056696 -26.896566 -397.156494 4
14.740249 8.314275 -379.181610 0
16.071377 22.333397 -381.297913 -1
-2.964307 12.323795 -388.242004 1
-7.161726 29.880861 -395.323425 0
-0.675554 32.908897 -388.318634 -1
-6.325737 -34.982330 -391.663544 0
-10.084365 -24.103909 -398.249237 0
5.616517 -26.489313 -383.727386 2
-3.770891 -2.439727 -392.785767 0
-5.609950 -26.781879 -395.463043 0
9.171278 13.740552 -385.225830 0
10.908128 2.893136 -384.184570 0
-10.042891 21.413601 -396.611328 0
10.092672 28.366167 -381.896515 0
8.530087 34.374023 -390.529449 -1
5.187597 32.989155 -389.265686 -1
-26.622398 27.084169 -403.765564 0
-7.116469 -30.716141 -392.825287 4
14.497590 14.274985 -379.331421 0
0.599338 20.561872 -390.296906 0
5.416729 3.424504 -387.416138 0
17.144964 -23.679855 -382.961975 -1
-4.796607 33.777081 -392.501617 -1
-11.411461 -23.629736 -399.043549 0
3.903620 6.990872 -388.368195 0
-23.593897 -34.304768 -401.737335 0
-3.731372 13.100373 -388.669434 1
-2.230642 -16.345255 -393.409088 0
6.421927 -1.390161 -386.818573 0
6.673453 -1.136718 -386.710693 0
14.999820 16.018187 -379.464569 -1
13.034028 -19.524708 -380.128815 0
-7.675849 -12.538231 -395.128052 0
-13.151188 -27.359282 -396.329864 4
0.088384 30.140997 -391.977997 0
-4.243447 9.291616 -388.932800 1
6.859833 -25.184233 -382.973633 2
-19.304899 -25.787598 -400.111969 4
-18.361591 -10.926136 -402.414825 0
4.868245 -18.224705 -384.186462 2
-24.043219 7.287954 -404.872162 0
-18.940798 -24.159021 -403.522614 0
1.366398 32.311752 -390.313934 -1
9.579825 -24.331894 -381.398132 2
1.361396 5.727786 -388.884949 0
-6.818976 31.818106 -390.524750 -1
-17.241823 12.463109 -400.895386 0
-19.565748 -29.189449 -400.086426 4
-26.523296 32.973324 -398.305450 0
13.296375 -13.070378 -380.510590 2
15.802210 32.772709 -380.830475 -1
4.156021 12.321863 -388.181152 0
-15.090761 4.316308 -399.566528 0
10.402120 31.544804 -384.085510 -1
5.864093 27.479998 -383.479675 0
-2.474004 32.636204 -391.141296 -1
-17.310513 -17.512796 -402.492493 0
3.875187 -34.939915 -385.539398 0
15.273150 27.982576 -380.080688 -1
-22.402809 -1.451859 -403.986359 0
0.854714 19.278296 -390.163940 0
-11.144953 -24.140913 -398.860626 0
-9.027137 -23.807108 -397.644653 0
-25.793608 25.464008 -403.213379 0
-15.624953 -7.454836 -399.840698 0
9.086378 -29.593323 -381.659729 2
-8.200363 -4.785340 -395.458435 0
11.080702 -5.115211 -381.461853 0
-7.678316 26.513294 -395.255035 0
-25.127949 32.443020 -388.826019 -1
-7.652917 -19.976694 -393.947571 3
16.609093 -20.630220 -382.176239 -1
14.998858 20.734806 -379.440247 -1
10.908056 3.898717 -384.182037 0
-4.536825 32.217052 -392.270721 -1
8.865941 25.185839 -382.936981 0
-4.275304 -18.331947 -391.852692 3
15.796285 3.115916 -380.687683 -1
-26.062429 27.579805 -403.286011 0
-0.166813 32.909016 -388.320007 -1
11.299648 -19.041809 -380.420441 2
10.315560 -15.077354 -380.889404 2
-1.182400 -32.091045 -387.696960 2
-23.606524 30.381912 -401.952332 0
11.813576 -16.075684 -380.921326 2
4.182947 33.110382 -390.696136 -1
8.634548 -10.923064 -383.801636 0
-8.224993 14.721094 -384.499939 0
-0.423960 27.754429 -390.878723 0
17.140966 25.432154 -382.872681 -1
0.088005 33.587440 -390.297943 -1
-23.372223 -3.816542 -402.451721 0
-11.613216 32.399883 -388.309082 -1
3.411696 29.245722 -390.299500 0
-4.797660 33.270699 -392.587860 -1
13.522836 -2.110925 -379.870239 0
-0.167860 17.773376 -390.756866 0
-10.195717 10.147189 -392.493164 1
-13.415351 -31.260113 -396.464172 4
16.332060 -28.586313 -381.552795 -1
-5.270704 2.423629 -389.536194 1
15.342256 31.606974 -381.800446 0
-0.419548 3.419154 -386.810883 1
-12.358253 -27.069096 -395.878876 4
13.128406 12.404181 -382.881287 0
4.425438 32.500366 -389.513367 -1
-12.392238 33.641865 -396.967499 0
-2.221216 33.199409 -391.746643 -1
-19.834862 -28.414103 -400.228363 4
2.128569 26.631826 -389.424194 0
-5.287780 31.840385 -390.798218 -1
-13.756314 0.654539 -398.819916 0
-24.153412 18.297964 -402.290192 0
-13.717167 27.977470 -397.684967 0
-6.044715 10.850722 -390.085083 1
-4.808979 17.383772 -393.514008 0
-15.895577 -4.841020 -400.059814 0
4.427389 -14.150525 -389.685150 0
11.783185 34.163677 -388.139618 -1
-19.944656 2.240588 -402.443817 0
-1.965102 23.976933 -391.846832 0
-26.258690 28.824762 -402.245667 0
8.364463 25.186483 -382.946747 0
-8.372426 10.887077 -391.392059 1
-23.717230 -10.436235 -403.837341 0
-27.858332 33.009430 -398.741577 -1
15.800351 3.615073 -380.785675 -1
-11.599664 33.865242 -396.541412 0
13.372363 33.433159 -382.685181 0
2.647487 -15.721862 -390.712250 0
4.933944 32.998104 -389.371277 -1
-6.630728 -10.712465 -394.545227 0
-24.420568 -34.093800 -402.350067 0
-11.099084 16.247787 -397.219055 0
-11.366110 26.140869 -397.457672 0
-16.497967 -20.383339 -401.966705 0
-25.604977 33.577454 -396.207458 -1
-19.173937 33.158218 -397.397614 -1
0.854594 -8.039232 -390.109131 0
14.996870 2.608765 -379.389923 -1
-10.571069 25.586885 -396.933197 0
-26.884573 8.588371 -403.730804 0
4.617364 -23.005266 -384.251678 2
-2.708668 12.571735 -388.053192 1
-5.589132 26.428810 -393.995575 0
4.618580 -17.981087 -384.352875 2
13.863790 32.658497 -382.411163 0
4.408996 18.158876 -388.066193 0
-2.718198 31.727970 -389.418488 -1
11.405787 34.552593 -383.993774 -1
-4.800964 -1.926021 -392.858185 0
5.366883 -28.256136 -383.851044 2
-20.003132 -15.184917 -403.623718 0
10.161585 33.340462 -384.504120 -1
1.364901 14.417051 -389.886261 0
13.279589 32.952526 -380.030212 0
-13.943568 -32.577866 -396.714630 4
3.142564 4.452529 -388.634521 0
-16.392582 33.847927 -399.399017 0
0.597820 0.893683 -389.308044 0
-14.451794 -35.145874 -396.398773 0
-24.085802 10.220356 -405.589264 0
-24.692614 29.632288 -402.488312 0
5.864356 -17.188187 -383.496887 2
-9.934630 5.778614 -392.335907 1
-11.630581 21.727070 -397.598328 0
8.423509 4.670696 -385.649994 0
-11.629685 16.001888 -397.567688 0
-22.670856 -1.187678 -404.047180 0
-19.949144 -6.451421 -402.534363 0
-4.999969 32.401394 -388.327179 -1
-16.076191 -27.217081 -398.043152 4
-6.561047 13.669607 -390.399048 1
-8.726402 -11.265072 -395.818726 0
-2.198589 11.800893 -387.756073 1
14.008836 2.113150 -379.553955 0
-19.000263 28.607811 -399.218140 0
-9.740625 34.499416 -394.889862 -1
-26.628227 34.336044 -395.985840 -1
-4.808396 -12.742976 -393.466309 0
4.368228 -30.818222 -384.477997 2
-12.691950 24.627016 -398.212341 0
-12.958296 26.462305 -398.381256 0
2.382265 -3.945512 -389.195618 0
-25.595194 33.913788 -388.186584 -1
-11.893829 14.965925 -397.691895 0
14.738815 -24.684340 -379.144714 0
13.767410 -8.819817 -379.752686 0
16.328897 -20.592579 -381.478912 -1
-8.761866 -22.493757 -397.427338 0
-11.867559 32.399826 -388.308380 -1
-1.182523 -32.855583 -387.737549 2
-5.848949 -2.190066 -394.111969 0
-25.859854 32.148544 -388.342407 -1
-16.771864 -19.343395 -402.220581 0
13.278853 -35.184738 -380.009155 0
-11.530984 34.180634 -394.193542 -1
12.021136 -5.090193 -379.596161 0
5.696733 28.654543 -389.207855 0
13.034082 -19.027290 -380.130371 0
-26.064062 -27.577305 -403.311310 0
13.525746 28.470366 -379.951996 0
17.183762 32.528374 -383.828552 -1
7.424414 -3.157333 -386.242889 0
11.787570 -30.714636 -380.082764 2
12.783242 33.864761 -387.625427 -1
8.275659 34.379803 -390.595093 -1
14.009102 -17.260164 -379.561188 0
10.164671 19.759470 -384.620880 0
12.056905 -3.610509 -380.725647 0
-20.760427 11.998938 -402.927094 0
-0.167844 -10.352948 -390.720825 0
-2.219380 34.196526 -391.422852 -1
-17.037485 -23.031153 -402.271210 0
16.871143 -26.400549 -382.441528 -1
-20.302626 -18.386169 -404.322693 0
4.156415 12.068991 -388.217957 0
-8.954803 33.945469 -394.458344 -1
3.144033 0.129256 -388.816284 0
-6.632032 25.179722 -394.622803 0
-12.498708 31.693853 -392.149323 -1
-6.559043 11.622308 -390.279755 1
-9.935702 7.833346 -392.378235 1
16.331381 -21.594387 -381.536926 -1
18.864367 32.067299 -387.360992 -1
13.036312 33.464436 -380.195404 0
1.364648 -7.012806 -389.813904 0
12.791908 25.263493 -380.333557 0
-9.152357 5.258670 -391.853577 1
-23.648682 -3.291617 -402.670166 0
-4.809344 21.247988 -393.543945 0
-25.518662 12.793602 -403.042542 0
4.868352 -20.236378 -384.194977 2
-3.254917 22.225756 -392.619415 0
-1.186435 30.168118 -389.020111 0
-11.098106 -10.524204 -397.184021 0
-4.245405 -0.889151 -389.112213 1
-25.070141 9.130170 -404.324860 0
0.846715 -31.487154 -386.512543 2
-7.916019 -16.893974 -394.198761 3
-18.864288 19.594828 -401.892609 0
-16.877476 -26.987091 -398.493195 4
-27.644522 32.915630 -388.398071 -1
-8.727135 21.631638 -395.851959 0
11.051520 -27.508383 -380.457245 2
7.369850 -34.997307 -383.404266 0
-2.996267 18.106176 -392.427856 0
13.369109 32.673946 -382.592072 0
21.182209 34.404087 -387.986511 -1
0.343795 15.714905 -390.437561 0
-10.572432 25.070627 -396.984344 0
-24.841557 8.878553 -404.916107 0
-26.884691 34.332302 -395.942688 -1
-9.778495 -5.834684 -396.425110 0
-12.555572 4.513238 -393.933472 1
-9.437207 15.561919 -393.026459 0
-15.628171 13.479683 -399.923035 0
-14.556783 14.764354 -399.278534 0
2.629640 34.158283 -388.078369 -1
0.846877 6.705828 -386.586578 1
-5.849026 -8.637630 -394.117126 0
-6.605637 33.824463 -393.052216 -1
8.099037 -12.380006 -382.258850 2
-4.756278 1.657493 -389.201599 1
14.744706 -19.481943 -379.296234 0
-19.949596 18.309484 -402.543488 0
-16.393230 34.110638 -399.414886 0
1.352012 -33.483837 -386.204376 2
-26.614811 12.812900 -403.650482 0
-10.804321 -27.333227 -395.952454 4
16.863848 -11.880261 -382.276154 -1
-9.545667 -28.743776 -397.543457 4
-17.144476 -26.474771 -398.631897 4
14.252972 2.609070 -379.434357 0
10.563551 -23.049908 -380.834839 2
-7.152671 -10.203296 -394.823608 0
15.001865 10.308390 -379.516296 -1
-6.369286 -13.804157 -394.359894 0
1.874178 20.268679 -389.570526 0
-23.328711 19.322693 -401.702454 0
-24.069553 34.167904 -388.187653 -1
-16.432850 -1.962898 -400.380127 0
-23.878872 30.130299 -402.104675 0
5.416355 8.494246 -387.389374 0
2.374117 -21.952518 -387.864532 3
-12.423156 -0.388535 -397.957947 0
-12.160345 18.358118 -397.888367 0
-0.166062 7.464474 -386.572357 1
-14.289456 1.699720 -399.117188 0
-15.088947 -6.141650 -399.518494 0
13.035633 -31.966032 -380.175629 0
-19.130013 -2.233590 -401.944336 0
7.424561 -5.684932 -386.250519 0
6.171601 19.122486 -387.010590 0
2.128399 25.100845 -389.393188 0
10.341850 20.867043 -381.860107 0
-22.489368 -25.076382 -405.547241 0
-26.607189 33.653267 -388.111603 -1
-7.595088 10.619515 -390.970764 1
-3.764322 33.486069 -392.101532 -1
-10.197327 3.726809 -392.555115 1
-7.076358 10.098534 -390.611206 1
-1.438002 34.925621 -388.139374 -1
2.869889 -34.494270 -386.199219 0
6.171480 15.829912 -387.003021 0
5.919887 8.995178 -387.128326 0
1.098418 -26.140387 -385.990723 2
9.847764 30.881695 -382.100433 0
15.797050 -11.333216 -380.706116 0
13.374003 8.141676 -382.732117 0
-25.796064 3.036723 -403.251801 0
-18.049137 -8.007820 -401.328644 0
-11.052361 -28.081741 -395.546875 4
7.424824 5.183661 -386.264252 0
7.175078 24.151897 -386.440826 0
-21.777716 -8.815140 -402.216522 0
-16.702625 9.831510 -400.560120 0
2.873754 31.761120 -386.719360 -1
-11.377105 28.769548 -397.842163 0
4.409078 6.477673 -388.073425 0
0.087135 6.703280 -386.439667 1
-26.613354 11.227446 -403.628387 0
4.680967 -13.380694 -389.544647 0
-14.290310 12.669758 -399.141022 0
14.253401 -23.710737 -379.445770 0
-7.855216 12.672739 -391.170898 1
-21.696648 24.782055 -400.719269 0
-20.261478 33.416065 -388.306488 -1
7.924876 10.736313 -385.972076 0
8.099388 -18.634357 -382.275452 2
-22.518049 29.809170 -401.323792 0
-13.493469 27.010206 -398.772766 0
-25.058979 -16.262377 -404.144867 0
6.906989 31.165039 -385.606293 0
11.402889 11.432209 -383.896210 0
2.125879 4.201430 -388.932129 0
3.365308 -31.111416 -384.992767 2
14.739749 23.449286 -379.168732 0
-7.855108 10.624806 -391.165558 1
14.019632 6.091787 -379.846466 0
2.890081 -3.433687 -388.916504 0
-12.161171 22.004784 -397.915405 0
13.769196 -8.572427 -379.801941 0
-22.965591 16.019255 -404.576752 0
-15.360049 -2.221469 -399.763000 0
-22.945663 12.302125 -404.225677 0
-15.253946 28.708759 -397.001556 0
-5.025202 5.237645 -390.286926 1
8.612886 -10.144098 -382.838776 0
0.846671 -31.232622 -386.492676 2
-5.068385 -6.566472 -393.640747 0
-23.434637 -31.552895 -403.526459 0
13.252047 -29.405857 -379.242004 2
-27.319477 32.728786 -398.501526 -1
-13.903696 33.419167 -388.342529 -1
5.931088 33.631515 -387.860779 -1
12.059014 26.041510 -380.792267 0
-5.278817 -28.974064 -390.135773 2
-18.125052 -23.601278 -403.016632 0
-23.399851 17.008615 -402.927429 0
16.872667 -19.144703 -382.476074 -1
6.672934 -1.895735 -386.680603 0
-25.296389 -19.943317 -403.708710 0
8.673604 -6.179015 -385.537689 0
-17.781862 12.473505 -401.229797 0
14.999599 -0.370474 -379.458984 -1
2.382568 -11.332700 -389.245117 0
-25.789949 -31.523947 -403.156219 0
-11.626880 -0.127963 -397.471802 0
2.891300 33.482670 -389.080444 -1
-1.189578 -19.268600 -390.050568 3
-3.217802 33.909927 -388.142426 -1
13.561220 34.667206 -388.089813 -1
-17.508560 0.395702 -400.989899 0
-19.793507 33.063431 -399.393921 -1
-17.583672 -18.576365 -402.710144 0
-8.959833 -17.947674 -394.679901 3
-23.472124 15.474263 -404.171936 0
8.356078 29.917706 -382.562866 0
-15.893406 -7.719657 -400.005157 0
-26.061575 12.537019 -403.272797 0
14.499044 19.241434 -379.369476 0
-23.051085 -33.754845 -401.450165 0
-12.867983 30.937622 -395.604706 0
7.673549 7.201726 -386.047882 0
14.008662 -25.207415 -379.549255 0
-19.565716 -29.974825 -400.085785 4
-15.359672 12.427600 -399.753204 0
-25.544533 8.582422 -403.451141 0
1.364804 16.967173 -389.858551 0
-9.459706 32.356079 -393.963501 -1
-11.892620 -1.429092 -397.651459 0
0.597213 -20.993868 -388.912842 3
-5.026001 8.048269 -390.348938 1
-19.619534 33.549995 -395.883484 -1
-7.155026 17.447365 -394.953613 0
15.445254 33.076756 -384.363586 -1
5.669147 2.916771 -387.323151 0
4.159367 32.669506 -388.493652 -1
9.419294 6.931122 -385.048828 0
-9.251482 -4.793074 -396.097565 0
0.343780 -13.155293 -390.420349 0
-26.613083 -26.278091 -403.624268 0
-17.509214 -9.050994 -401.004883 0
-3.771642 -7.324760 -392.864014 0
-10.504901 -34.198616 -394.448669 0
-7.940886 24.714148 -395.437042 0
-5.872145 -23.948099 -395.674927 0
-1.965158 24.746883 -391.857971 0
-0.167860 19.307672 -390.758484 0
-25.531565 -19.392725 -403.246338 0
1.873840 -11.085252 -389.500427 0
-15.149683 -12.466090 -401.126648 0
-25.532373 -11.476827 -403.259094 0
0.340204 6.954705 -386.359009 1
-11.364414 15.214928 -397.398376 0
-3.254513 -7.319290 -392.570648 0
-2.198894 2.920435 -387.809723 1
10.907685 2.390235 -384.168976 0
-14.079503 -14.546225 -400.582184 0
-8.987933 -13.081447 -395.917725 0
6.671212 33.267559 -386.580780 0
-4.548572 -6.045846 -393.286407 0
2.863360 -33.155067 -385.320587 2
15.799641 -32.763390 -380.768555 -1
-18.051279 5.911768 -401.376282 0
14.997851 -15.267262 -379.414764 -1
-25.242006 14.896080 -402.840851 0
7.621395 -34.748211 -383.424042 0
-23.597136 -6.702455 -401.792480 0
-17.853079 33.901775 -396.969238 -1
10.056242 33.322784 -390.189575 -1
-10.834427 -2.466249 -397.055725 0
-15.964893 -13.538878 -401.804352 0
6.171575 14.563905 -387.008972 0
-26.870296 -27.591330 -403.516418 -1
-8.726915 26.293634 -395.841980 0
-18.319881 3.811736 -401.500702 0
-1.702188 -19.286730 -390.417542 3
1.614738 -17.923098 -388.548218 3
-1.435031 5.451526 -387.337280 1
-20.080414 26.039646 -399.897400 0
-23.588436 -20.862516 -406.174774 0
17.146940 -28.193935 -383.006104 -1
15.798441 31.519156 -380.739655 -1
-5.528487 -0.635517 -389.720520 1
0.851110 31.654673 -388.518829 -1
-25.786730 -30.992441 -403.105865 0
-0.167443 33.798542 -389.787018 0
-18.189951 33.262978 -398.653137 -1
3.143564 -10.555340 -388.758209 0
9.802434 33.328861 -390.260742 -1
-0.672947 4.684866 -386.820007 1
-3.219357 4.703154 -388.329956 1
12.058251 -6.351740 -380.768158 0
2.634347 6.998159 -388.773010 0
-4.808593 -4.761429 -393.482452 0
14.739585 -27.166798 -379.164490 0
1.874176 26.386885 -389.570160 0
-16.432266 20.306364 -400.365936 0
6.171274 -2.403728 -386.990112 0
-13.062222 4.252381 -393.648712 0
-9.746708 -20.295551 -395.136444 3
-0.928159 -30.559734 -387.581451 2
-9.672512 2.696358 -392.128510 1
-0.167411 33.537136 -389.713379 0
-6.105713 -1.931724 -394.021484 0
-8.111355 0.897948 -391.166046 1
6.668283 -11.250187 -386.411072 0
-2.738437 -4.233890 -392.317993 0
1.109832 22.077579 -390.001862 0
-15.594358 -15.796543 -399.057800 3
4.378288 30.641060 -385.363342 0
7.122969 -35.018303 -383.634277 0
-12.425784 16.802395 -398.042114 0
-25.265686 12.007623 -403.218719 0
12.882576 8.147998 -383.029327 0
-5.611734 -23.684027 -395.588837 0
-8.360896 31.844856 -390.853088 -1
-18.046755 -1.967289 -401.275665 0
-11.631187 26.671869 -397.619049 0
-5.328997 19.460148 -393.844360 0
-23.506163 -0.660038 -404.758057 0
21.948557 32.124767 -388.055206 -1
-24.535431 1.721548 -404.242523 0
15.799566 -17.564152 -380.766754 -1
7.424447 -4.673845 -386.244568 0
-10.231641 33.637619 -393.876099 -1
-10.494957 -34.939861 -394.075256 0
-21.812548 -10.410974 -402.859833 0
-2.996206 -14.506624 -392.419983 0
-18.289444 24.264534 -400.833618 0
-6.307018 1.151967 -390.504547 1
16.334824 22.102385 -381.617340 -1
3.411148 -16.468821 -390.236908 0
-10.265945 34.526218 -395.196625 -1
-8.746893 14.247460 -385.299927 0
-16.435614 14.283492 -400.447510 0
-1.193678 24.205397 -391.394867 0
-24.318125 32.814274 -396.384186 -1
-12.422807 -2.732191 -397.946777 0
-23.878902 19.605192 -402.105164 0
12.193716 -8.942750 -385.045807 0
16.068666 4.617208 -381.233582 -1
16.335159 4.122497 -381.625214 -1
-10.306425 -0.906615 -396.754944 0
3.616809 -25.564056 -384.919220 2
-15.781800 -34.956665 -397.196259 0
9.436232 32.185631 -385.741272 -1
-23.408754 33.896179 -403.080780 0
4.408557 -2.156255 -388.027557 0
-26.334381 2.509919 -403.405151 0
2.360369 -27.881557 -385.618439 2
-5.056120 34.050102 -392.688171 -1
-23.326649 -6.963202 -401.666931 0
4.173633 29.210255 -389.826202 0
-21.196232 -11.155253 -401.184357 0
2.636787 21.519127 -389.133209 0
-14.882833 -21.909649 -401.016479 0
11.019247 32.890213 -388.098175 -1
-22.784863 21.146439 -401.392914 0
-20.576601 -22.100082 -404.502014 0
15.848633 33.650154 -388.075714 -1
-8.727650 19.560499 -395.875336 0
16.068329 -27.065004 -381.225555 -1
-20.217102 7.247405 -402.619537 0
-17.410767 -30.918493 -398.750214 4
2.128444 15.673196 -389.401306 0
-16.162664 1.442393 -400.184235 0
0.847224 7.973965 -386.745087 1
-22.764212 -25.086506 -405.710968 0
4.408641 13.078989 -388.035004 0
-14.824197 -2.481037 -399.436523 0
-12.885738 -33.309242 -396.150574 4
16.613008 30.144663 -382.266327 -1
-0.168556 -15.788876 -392.377655 0
-16.341209 -33.737675 -398.147369 4
-14.021614 -11.353767 -398.935150 0
-7.391393 34.143295 -393.762939 -1
-25.292536 -19.412004 -403.647217 0
16.604746 24.879206 -382.076202 -1
-15.896709 7.201841 -400.088287 0
-20.070227 -34.653431 -399.694519 0
16.439766 34.308037 -384.069031 -1
-3.771334 -9.123585 -392.831940 0
15.271039 -14.297217 -380.028168 -1
-20.613100 -34.423988 -400.067688 0
-5.564623 32.216812 -392.267792 -1
-21.305399 33.495174 -398.312164 -1
-10.570216 17.013952 -396.901154 0
-18.398207 -17.280478 -403.217285 0
-7.151181 -1.676944 -394.741394 0
14.497776 -5.086708 -379.336304 0
-1.163823 13.611436 -381.605957 0
-18.635483 33.439278 -391.553650 -1
6.361731 -23.192619 -383.192749 2
-6.832998 4.995538 -391.327820 1
-1.436943 -30.581173 -387.853333 2
12.783873 28.481056 -380.094666 0
7.924085 4.674130 -385.933533 0
-11.100132 22.488260 -397.256561 0
2.128766 33.260498 -389.460236 -1
-6.891492 -4.001088 -394.677765 0
15.801867 -22.550741 -380.822205 -1
-11.629360 16.261593 -397.556580 0
-13.223173 -0.389063 -398.499237 0
-24.069540 34.421906 -388.187439 -1
0.340597 -30.498501 -386.804840 2
-15.093476 22.100065 -399.638397 0
-22.888952 -8.837278 -403.226624 0
11.649441 0.127566 -383.734070 0
-10.009653 -16.941113 -395.298676 3
-2.222472 -5.512590 -391.968140 0
-8.634288 9.100024 -391.640564 1
14.740192 5.584846 -379.180145 0
-23.056356 20.628773 -401.541962 0
-21.843075 32.736977 -398.601227 -1
-24.424494 27.520220 -402.414734 0
3.133732 -18.891092 -387.542297 3
-15.359596 13.997068 -399.751221 0
-23.315603 -20.059320 -406.056915 0
-22.399454 -1.715961 -403.925842 0
0.593238 8.218097 -386.324585 1
6.923763 17.328754 -386.542755 0
-11.411853 -24.413948 -399.057251 0
12.991588 -33.593590 -378.891052 0
13.278227 13.305183 -379.991241 0
12.143468 16.186806 -383.459076 0
-0.168018 34.426563 -391.126312 -1
4.913472 17.383129 -387.755676 0
-12.425847 21.490959 -398.044128 0
-25.058264 -12.559530 -404.133301 0
-20.216331 7.774039 -402.604156 0
-21.876558 17.584459 -404.042084 0
-26.618931 9.380534 -403.712982 0
-19.131584 9.077161 -401.977386 0
-23.869072 -6.704910 -401.939667 0
-2.476642 32.671005 -391.558411 -1
19.194695 35.290306 -383.818481 -1
-12.425459 20.187973 -398.031708 0
9.578111 -32.312618 -381.329864 2
3.903163 32.146912 -388.322662 -1
2.889717 6.490928 -388.867523 0
-3.731688 7.505603 -388.702332 1
17.421116 -33.000023 -383.518677 -1
10.661506 8.176439 -384.366302 0
-17.507914 -3.802539 -400.975098 0
15.264677 -21.251455 -379.869843 -1
-20.150373 -11.158208 -401.290619 0
-2.480142 -9.363450 -392.111847 0
10.769788 33.412926 -388.270020 -1
-21.819969 19.384958 -402.996918 0
-19.750801 33.412765 -388.268158 -1
7.990756 34.000637 -389.180695 -1
-9.464939 32.889866 -394.181427 -1
-21.029776 -2.239627 -403.030731 0
-16.971497 11.933009 -400.713165 0
11.296520 -30.982285 -380.315155 2
1.360231 -22.245695 -388.552124 3
-0.419465 4.430766 -386.734955 1
-2.708898 33.651058 -388.086182 -1
-5.605326 -26.242668 -395.137115 0
3.143575 -3.432301 -388.759613 0
14.009858 -16.764317 -379.581665 0
8.753953 34.503635 -389.109161 -1
-15.696395 -17.739805 -401.668915 0
-6.371261 25.687031 -394.482208 0
-7.077443 -0.125774 -390.671082 1
1.874030 33.522198 -389.539795 -1
-18.861099 3.025976 -401.824677 0
16.872520 -24.400452 -382.472748 -1
6.673084 15.564037 -386.689270 0
-22.944424 3.043893 -404.203827 0
7.174336 23.137993 -386.400879 0
-16.231510 -13.541726 -401.888855 0
-0.423157 13.405197 -390.138794 0
-9.465733 32.634659 -394.214508 -1
-24.739914 -8.310227 -403.259308 0
-15.360804 24.724131 -399.782654 0
15.802635 -1.617891 -380.840698 -1
3.666318 28.982046 -390.188141 0
3.616135 -28.329481 -384.847443 2
-14.079823 -19.527178 -400.591278 0
-13.757287 21.795364 -398.848114 0
-0.936774 -12.668885 -391.178619 0
-10.307873 19.606716 -396.810699 0
-24.587778 9.412878 -405.104980 0
4.155721 -2.664950 -388.153107 0
7.221458 31.943403 -388.938812 -1
-15.093041 8.501070 -399.626892 0
3.646353 34.664852 -388.063446 -1
-9.553760 -27.726688 -397.880493 4
15.265919 -0.122307 -379.900757 -1
14.744066 24.945305 -379.279785 0
5.668445 6.971196 -387.275146 0
-13.089834 33.431126 -394.480865 -1
11.077209 -23.330122 -381.341614 2
-0.167831 -6.005949 -390.691101 0
1.619455 16.704538 -389.683136 0
-7.905302 33.877201 -393.665039 -1
-15.961669 -23.788412 -401.723206 0
17.147879 1.129909 -383.027039 -1
8.923158 17.025694 -385.408295 0
-6.087585 -18.892826 -392.851593 3
-2.199423 13.074541 -387.903046 0
-2.708780 8.255209 -388.069214 1
-26.065577 24.679873 -403.334747 0
2.863193 -30.379700 -385.298126 2
-19.945351 -1.973084 -402.457855 0
7.603304 -14.641045 -382.513947 2
-7.938360 -14.613509 -395.311310 0
-1.707727 -6.277585 -391.687958 0
-25.516296 0.925125 -403.005188 0
15.619534 33.449985 -388.700653 -1
-8.989728 20.343893 -395.996765 0
9.106317 -34.664211 -382.497192 0
-3.987219 0.383664 -388.790924 1
-5.588375 -9.922730 -393.942169 0
-24.056808 8.617519 -405.101013 0
-12.597158 -35.301613 -395.238220 0
5.616168 -17.699619 -383.703522 2
15.262416 -28.456011 -379.813568 -1
5.417584 19.906216 -387.477295 0
-7.391400 -17.648323 -393.763306 3
-6.345355 34.323669 -392.878204 -1
-26.617292 15.191574 -403.688110 0
-0.424071 28.529289 -390.981689 0
5.165417 -6.973002 -387.601318 0
4.156406 16.133615 -388.217163 0
-18.049324 8.274736 -401.332794 0
4.397407 33.307606 -387.046143 0
-7.414860 -11.500633 -395.013123 0
-0.166373 -34.085346 -387.295898 2
-2.733925 32.680450 -391.671631 0
5.614276 26.482765 -383.574249 0
6.126758 -35.069813 -384.198608 0
3.143919 -7.249028 -388.802155 0
-26.063061 17.288073 -403.295807 0
-18.205120 -34.069790 -398.985565 0
-3.746170 31.026487 -390.210754 0
5.165794 23.211571 -387.629608 0
0.087465 30.589169 -387.903168 0
12.635198 5.643116 -383.136292 0
4.156117 -12.826121 -388.190094 0
-24.098413 -19.250065 -405.801605 0
-18.590332 20.897755 -401.661560 0
0.854612 -5.997128 -390.117249 0
15.275339 27.240334 -380.135193 -1
14.834250 34.417717 -388.140198 0
-9.779643 26.076017 -396.471649 0
-16.879597 -31.945641 -398.543274 4
-23.218924 5.691295 -404.373169 0
3.905952 33.695629 -388.600159 -1
0.854672 24.128084 -390.144745 0
5.668600 1.142471 -387.285706 0
-9.252110 26.571611 -396.124451 0
-26.065664 -0.657720 -403.336090 0
-7.093193 9.353913 -391.540466 1
-10.720093 5.529335 -392.865692 1
-3.512968 -5.780090 -392.715820 0
7.354849 -21.155146 -382.623901 2
14.013266 13.790976 -379.674011 0
12.052527 -13.322066 -380.587433 2
9.825164 -19.580938 -381.223572 2
-10.834770 -5.584318 -397.068298 0
6.362917 -19.685751 -383.264191 2
14.737677 16.251534 -379.115448 0
-13.812555 -23.188953 -400.450439 0
1.874044 15.678890 -389.542786 0
1.109575 -13.138139 -389.911285 0
15.001426 20.490017 -379.505188 -1
2.128411 21.533627 -389.395416 0
-2.968146 -30.905848 -388.744812 2
8.593067 -28.116772 -381.957825 2
-7.152960 -5.552974 -394.839569 0
6.610369 -26.442904 -383.055115 2
-19.900091 22.468239 -401.544586 0
12.788697 -2.859427 -380.238068 0
-10.306176 -9.214475 -396.745361 0
12.146793 14.685264 -383.564087 0
-2.708685 2.668352 -388.055664 1
-1.450735 18.066879 -391.576141 0
16.874329 -25.153992 -382.513733 -1
-13.224816 26.995033 -398.548737 0
-18.543201 33.953373 -400.643280 0
-10.979743 3.473402 -392.948029 1
15.203158 34.859592 -384.608582 -1
-25.790752 -0.921271 -403.168762 0
1.615941 9.798237 -388.837677 0
-16.233761 -23.538498 -401.944580 0
5.920546 23.437489 -387.171387 0
17.130592 20.158539 -382.640961 -1
4.117281 -25.792034 -384.562775 2
-13.943957 -28.944258 -396.725708 4
-21.034515 34.000355 -398.123505 -1
16.603300 22.877037 -382.042969 -1
16.067005 -5.361067 -381.194183 -1
1.615401 32.941860 -388.707611 0
-9.515038 -3.498590 -396.267853 0
-4.244189 3.693065 -389.000763 1
2.890591 15.147357 -388.985077 0
9.048186 34.654324 -390.808472 -1
-19.619844 -8.005105 -401.192627 0
-11.364560 16.775436 -397.403503 0
-12.427402 23.056671 -398.093933 0
14.011462 -28.690310 -379.625122 0
-0.420075 -28.509792 -387.296936 2
7.173787 -0.377222 -386.371307 0
-5.050726 32.216930 -392.269257 -1
-5.014056 -0.125372 -389.421295 1
-20.180346 33.006874 -401.887482 0
1.619436 -13.385296 -389.678619 0
2.122540 31.638573 -388.321228 -1
17.435221 32.528431 -383.829224 -1
-8.424723 33.891987 -393.836884 -1
-16.971876 6.164356 -400.722107 0
-11.364510 17.555513 -397.401733 0
13.520974 12.802027 -379.817963 0
-21.304316 0.134048 -403.230072 0
3.133754 -20.920036 -387.545105 3
-16.853430 29.296358 -397.925446 0
14.995841 -33.139019 -379.363922 -1
-13.722043 33.714649 -397.826355 0
-0.423605 0.385401 -390.551788 0
-1.963768 32.416630 -391.580780 -1
-8.892983 4.744396 -391.735199 1
-6.370307 -7.870033 -394.423187 0
-21.581869 14.919747 -403.480896 0
-5.050463 -23.227381 -392.248840 3
17.297386 33.501953 -386.366577 -1
16.061802 -23.313547 -381.070709 -1
10.909370 12.699250 -384.228271 0
-11.038655 32.187321 -395.056396 -1
-25.524876 31.790766 -403.140686 0
-18.588352 -5.648316 -401.618805 0
13.521229 15.536308 -379.825104 0
4.367699 -24.022278 -384.431396 2
-16.608589 -26.453058 -398.304962 4
-23.318783 -16.341543 -406.112305 0
-6.632199 26.988029 -394.632751 0
-9.153691 8.336927 -391.910706 1
9.759330 33.436565 -388.544678 -1
6.362451 -20.687431 -383.236053 2
13.565952 33.529530 -395.641998 -1
-22.517462 30.596224 -401.313324 0
-5.328133 -11.207064 -393.780487 0
-24.570438 -25.561178 -404.819305 0
-11.063903 -19.819635 -395.959961 3
18.153765 32.411167 -388.444305 -1
-26.848173 -34.164478 -403.184174 -1
6.673515 -5.438700 -386.714233 0
10.411526 -3.897229 -384.432831 0
-6.305783 0.896254 -390.428101 1
-13.150688 -33.063713 -396.314789 4
12.547055 -14.811530 -380.463531 0
11.877518 -7.391150 -382.983093 0
-3.513809 21.465401 -392.809875 0
10.964905 32.980724 -386.184265 -1
-6.869575 -20.979860 -393.422577 3
-22.221132 -18.439714 -405.500183 0
-25.994015 34.266705 -398.191223 -1
-19.346375 -9.312628 -400.971558 0
12.262021 29.666897 -379.355713 0
-14.558083 22.343437 -399.314178 0
-26.337645 -18.874743 -403.455139 0
-17.779696 11.159366 -401.180878 0
-17.411034 -29.614281 -398.756287 4
5.441855 27.636166 -389.213196 0
15.273711 25.993803 -380.094666 -1
-26.062862 2.773126 -403.292725 0
8.613240 -9.142389 -382.854523 0
15.849348 35.175430 -388.093231 -1
-15.434133 33.988438 -394.957642 -1
-3.254833 22.995926 -392.609253 0
-0.421045 30.611891 -388.191284 0
2.128264 -10.571909 -389.368439 0
22.977379 27.568377 -388.258484 -1
-6.090366 32.536694 -393.031097 -1
7.603551 -16.894371 -382.526367 2
-16.431316 2.228891 -400.342804 0
-24.970661 19.108131 -402.720489 0
-18.588219 -1.968957 -401.615875 0
15.094880 31.612680 -381.869385 0
-5.013694 3.696790 -389.393158 1
2.128942 30.204744 -389.492432 -1
-24.419956 18.563511 -402.339996 0
-8.200442 -6.855640 -395.462280 0
3.397239 11.319323 -388.645630 0
-17.325926 33.887932 -396.807098 -1
-18.217943 -30.958534 -399.266602 4
12.262116 29.418882 -379.358673 0
14.253180 -13.530195 -379.439880 0
-26.341972 -2.506410 -403.521454 0
-5.591278 29.534006 -394.146851 0
-11.062084 -19.039181 -395.894836 3
-7.896623 -33.063915 -393.232880 4
0.087132 8.220245 -386.425568 1
13.618778 10.641551 -382.565369 0
-16.702950 16.384768 -400.567871 0
8.345187 -27.124544 -382.064239 2
-12.094218 -30.165995 -395.724701 4
3.650048 -1.396048 -388.456635 0
-26.342840 13.073290 -403.534729 0
9.599980 -8.126358 -382.200531 0
-7.417069 28.056347 -395.130768 0
-9.516880 23.992790 -396.344604 0
-16.970482 7.737062 -400.689178 0
-8.464815 19.552382 -395.711060 0
-0.926712 11.017496 -386.977020 1
13.773339 34.434292 -379.916199 0
-12.335385 -34.517677 -395.146301 0
-14.737460 32.613628 -397.099396 -1
14.011387 18.509047 -379.623108 0
-4.540441 34.041012 -392.583344 -1
11.896464 11.423209 -383.593994 0
4.660802 -4.947283 -387.866516 0
-10.001176 32.696701 -394.963928 -1
11.549120 -15.805983 -380.429474 2
-22.398796 7.535018 -403.913971 0
9.668206 3.402412 -384.916809 0
16.338243 -7.616109 -381.697266 -1
-25.461025 32.949226 -398.014374 -1
-2.201849 -30.618835 -388.331024 2
-6.370386 -8.128235 -394.428070 0
-4.774527 -34.384483 -390.694855 0
-13.009830 -20.020134 -399.965576 0
14.495473 -28.663927 -379.276031 0
-6.108892 -10.703814 -394.226593 0
-26.863005 34.671188 -388.134399 -1
-9.200171 -32.089027 -393.900696 4
