0.087875 19.256399 -389.720795 0
-9.223629 -10.205401 -394.905060 2
10.429766 -8.188141 -385.106293 0
19.728210 5.093840 -379.571198 0
21.588150 -4.318865 -377.313293 0
-6.400981 -4.017760 -396.322327 3
1.877060 3.704162 -390.169708 0
22.757771 16.865946 -376.219116 0
23.281296 17.381193 -376.714813 0
-1.710505 -7.314712 -392.325134 0
-9.783416 -4.280367 -396.624634 0
-1.967866 -0.383106 -392.397919 0
21.559347 -9.984349 -376.809875 0
14.867645 -9.383211 -382.458771 0
-16.192131 6.954352 -400.913818 4
7.395939 -0.627430 -384.761505 1
-7.715637 6.369712 -397.176178 0
14.377669 -3.128813 -382.753937 0
24.233864 8.494603 -376.179108 0
14.868813 15.645264 -382.488800 0
3.148735 4.206459 -389.397705 0
-13.719218 19.132303 -397.744446 0
-2.474795 16.260336 -391.266388 0
-1.958889 8.053609 -390.607941 3
29.955992 19.000904 -389.711151 -1
23.022217 -10.715643 -376.513519 0
-6.134256 11.788587 -395.863434 0
-1.703166 17.768147 -390.641876 0
17.793615 0.624863 -380.738037 0
-1.959191 15.724185 -390.668121 0
12.656845 8.917673 -383.792694 0
12.409460 17.462273 -383.917084 0
5.173685 -2.919465 -388.221710 0
24.946287 -13.891305 -375.774902 0
23.281857 -4.558638 -376.723877 0
10.375391 1.380811 -383.098572 1
2.132003 14.423199 -390.052521 0
16.823183 7.363718 -381.354370 0
19.268089 16.053650 -380.304657 0
15.356424 -7.125058 -382.153015 0
-14.244468 0.132263 -397.860626 2
-6.133992 12.306145 -395.846405 0
-5.074972 0.388954 -394.152374 3
24.949623 18.323874 -375.825165 0
-16.447985 -11.667628 -400.748932 0
29.204218 19.520349 -389.899078 -1
20.692974 0.126001 -379.025391 0
-6.876162 18.684864 -393.799805 0
18.760744 8.334856 -380.120209 0
6.180463 7.990897 -387.566315 0
24.987402 -6.771385 -376.394257 0
12.108453 -15.135306 -382.353394 0
25.974445 3.573492 -376.405884 0
-5.575732 -14.787153 -393.050934 0
7.186064 9.499484 -387.032532 0
21.795576 9.983446 -376.626678 0
25.415737 7.740818 -375.437256 0
-7.386596 0.130815 -393.507385 3
19.005236 -2.360497 -380.030060 0
22.034283 14.907151 -376.489868 0
1.367122 -3.958945 -390.520630 0
5.426364 9.271845 -388.105225 0
11.667941 -10.183968 -384.343475 0
-6.882342 -13.281090 -394.153748 0
-9.016920 17.286448 -397.194580 0
-8.953358 -2.965886 -394.394684 3
-8.230908 15.197052 -396.931488 0
20.123920 18.877722 -387.184662 -1
-18.503700 12.872538 -405.529297 -1
13.832510 18.690960 -388.569305 -1
2.386453 0.384738 -389.879883 0
-16.930346 -4.575587 -399.741547 0
-22.450434 12.585899 -404.845123 -1
8.641394 5.154696 -384.105927 1
3.148535 16.691242 -389.372955 0
18.760574 -0.122376 -380.116791 0
-17.193333 18.706438 -399.767914 0
-8.955534 -4.773628 -394.490540 3
-15.040027 -5.079384 -398.223236 2
-6.610762 -10.937612 -393.357178 2
19.162617 -14.971802 -378.222900 0
14.378467 -4.130904 -382.775208 0
25.419573 18.799152 -375.493896 0
5.173917 15.880474 -388.239136 0
3.398362 17.937597 -388.774109 0
-4.806083 -7.075108 -393.277039 0
21.085077 12.877238 -405.677368 -1
-7.188797 10.518661 -396.817719 0
4.921129 -12.069331 -388.359955 0
10.181884 12.229526 -385.272217 0
6.900026 -1.384407 -385.217560 1
9.433325 -4.161631 -385.622406 0
-2.726889 8.054757 -390.663635 3
24.948294 3.813708 -375.805145 0
3.656725 -0.634614 -389.167236 0
24.234507 1.109737 -376.189087 0
16.333366 12.112431 -381.583313 0
11.852986 3.878523 -382.192047 1
8.187457 -6.446223 -386.432129 0
-16.937695 11.385850 -399.915039 0
-4.567834 11.502993 -394.951904 0
5.929112 -10.527465 -387.731598 0
21.080950 16.657915 -377.082947 0
-14.245992 -4.033786 -397.903168 2
2.930957 40.394363 -394.417114 -1
-0.678982 -12.640080 -390.289215 0
-2.739267 8.348120 -392.436859 0
2.636605 18.716793 -389.106323 0
9.138258 5.904639 -383.838837 1
10.777194 18.435160 -388.537048 -1
-2.490032 13.526716 -393.675446 0
-9.542353 10.014134 -397.405457 0
-14.278346 18.400497 -398.806854 0
10.678011 15.242579 -384.961334 0
-14.517544 18.893749 -398.202240 0
-4.307049 12.530765 -394.762268 0
-1.701332 -12.893229 -390.221161 2
21.455355 18.711727 -383.780090 -1
17.308159 2.370717 -381.031982 0
0.600352 3.967473 -390.957245 0
-6.868045 19.177586 -393.334930 0
-7.693299 4.018914 -396.026306 3
4.920399 9.022457 -388.302338 0
14.378889 -5.132973 -382.786438 0
9.880621 -1.377786 -383.375305 1
24.947800 18.568447 -375.797668 0
-15.045657 0.393119 -398.372284 2
-3.786998 13.037541 -394.463593 0
24.945854 4.796912 -375.768402 0
23.999144 -3.815416 -376.362549 0
0.600272 1.664747 -390.904907 0
-3.001179 -2.184283 -393.071259 0
7.935499 8.221603 -386.489441 0
12.657552 9.169331 -383.814148 0
15.847101 -2.872018 -381.912354 0
-6.871639 -7.079853 -393.540771 2
-17.461994 -3.792566 -399.923431 0
-12.386683 -8.436551 -396.789581 2
20.125999 17.673998 -377.704041 0
10.374799 -0.374006 -383.076721 1
19.487965 1.865666 -379.734772 0
1.366839 5.495192 -390.439789 0
-10.264488 -2.454353 -395.140533 3
10.678354 7.685523 -384.973694 0
15.600967 4.626627 -382.011292 0
16.712997 -13.757311 -378.856598 0
17.235991 15.520688 -379.443237 0
4.392820 0.381543 -386.642487 1
16.023869 15.799221 -380.170746 0
23.760277 10.718756 -376.484131 0
19.005606 -0.619727 -380.037445 0
6.181260 -6.973271 -387.616302 0
25.453630 18.511375 -379.670837 -1
-4.540741 -13.742879 -392.609283 0
26.564560 -13.471186 -377.785065 -1
0.856024 7.289669 -390.762054 0
-1.452466 18.344976 -392.043243 0
17.859659 18.382238 -382.151215 -1
10.677020 -12.970145 -384.925568 0
17.306488 10.099246 -380.995209 0
13.640966 7.148387 -383.188660 0
12.151733 -1.881221 -383.720093 0
-1.957155 6.258827 -390.262085 3
20.189178 -9.791521 -378.889679 0
10.691445 18.792933 -385.445618 0
15.113947 3.379738 -382.351746 0
20.839314 -8.019616 -377.180237 0
-0.167422 18.747221 -389.738892 0
25.983173 9.734552 -376.532379 0
23.996590 13.176725 -376.322510 0
-1.453129 -8.082779 -392.222290 0
24.709047 11.686375 -375.910522 0
21.800550 10.725261 -376.712616 0
2.894779 4.463002 -389.548645 0
7.147707 -2.643073 -384.966644 1
9.137055 -1.630413 -383.788330 1
17.552109 10.346230 -380.909424 0
9.933380 -8.447074 -385.422424 0
2.640510 8.544529 -389.682556 0
-9.279507 12.871220 -397.297424 0
5.146929 1.392040 -386.213989 1
-2.992728 -8.077466 -391.964417 0
25.972578 -0.860054 -376.378815 0
-14.808872 11.882694 -399.023590 4
11.117916 1.880446 -382.742981 1
21.036181 18.812820 -380.743408 -1
-12.122845 -0.127702 -396.661346 3
13.886861 16.169434 -383.047546 0
-9.547192 11.840508 -397.606964 0
9.634057 5.398324 -383.557220 1
15.111662 -0.373242 -382.293945 0
15.112583 8.132850 -382.317230 0
4.644959 0.887347 -386.548126 1
9.633677 3.892223 -383.542084 1
18.682730 -14.241212 -378.539520 0
25.691887 18.503851 -379.516510 -1
-8.449424 -0.902586 -394.991608 3
17.715960 18.978510 -379.076386 0
6.683762 -6.460834 -387.308044 0
25.413298 19.165417 -382.809662 -1
17.571419 16.595934 -381.328491 0
24.473125 6.277299 -376.069122 0
-2.988865 -10.372493 -391.458435 2
-9.013943 5.068757 -397.063446 0
0.344360 -9.594682 -391.078308 0
-15.330784 6.660081 -399.001343 4
17.498684 18.530157 -385.226349 -1
-9.803824 5.593884 -397.451996 0
3.401884 -9.548036 -389.177032 0
-4.273780 -7.303299 -391.712982 0
18.057936 16.085228 -381.052734 0
-15.055438 6.914758 -398.631256 2
22.274658 6.775155 -376.384338 0
-6.657644 12.833943 -396.146790 0
-8.700370 -10.198498 -394.637939 2
-14.245753 0.913398 -397.896515 2
-10.554853 12.321002 -396.324280 0
15.780014 16.302122 -380.295563 0
1.622042 -8.554097 -390.305664 0
-12.407601 8.454967 -397.459625 4
9.633695 0.629466 -383.542847 1
6.683768 -11.022867 -387.308380 0
-14.122819 40.915302 -394.462830 -1
4.895300 5.437231 -386.321594 1
10.454380 12.875976 -405.637604 -1
30.575975 12.366158 -397.776825 -1
3.403091 9.045992 -389.315186 0
-7.960316 17.770864 -396.404663 0
-8.751090 10.781612 -396.938568 0
2.131612 11.613409 -389.980927 0
12.658203 17.458488 -383.833862 0
3.909373 17.181734 -388.940552 0
-12.939420 13.147844 -397.800934 4
21.126127 11.006096 -377.891083 0
18.197933 -15.241369 -378.771271 0
5.677186 -5.454987 -387.872314 0
19.247320 9.075696 -379.894714 0
0.856091 0.641365 -390.792786 0
-8.525556 -12.386032 -398.550598 0
15.357333 6.629315 -382.175659 0
13.673260 18.727121 -384.095825 0
20.451340 -0.866384 -379.148651 0
15.110337 -11.379486 -382.260406 0
-14.520722 6.648197 -398.289398 2
-3.777550 2.448163 -393.479401 0
11.916205 -12.443862 -384.230530 0
25.694366 18.257263 -379.553131 -1
1.622076 -0.125659 -390.313782 0
7.713644 12.475364 -401.289581 -1
12.899349 -2.131251 -383.528015 0
13.396218 12.670812 -383.367859 0
11.124569 -14.909185 -382.971985 0
20.206118 10.300005 -379.207581 0
1.615370 17.425480 -388.700317 0
16.334349 10.864587 -381.606262 0
-0.423629 -11.371371 -390.573364 0
-13.712799 -10.273969 -397.558350 2
-4.046830 12.525729 -394.603607 0
-5.571924 -9.893521 -392.782501 2
6.682276 17.865980 -387.221924 0
13.886637 5.641717 -383.041351 0
-3.259777 -5.272689 -393.205627 0
-11.629995 -2.469495 -397.578278 0
19.408838 16.459471 -378.192963 0
4.393298 2.152849 -386.684479 1
20.450855 8.313355 -379.139648 0
18.113243 18.643242 -387.577240 -1
0.088115 15.984581 -390.784302 0
26.375206 18.813940 -385.876495 -1
-6.389013 16.180799 -395.581360 0
5.677778 -7.993970 -387.912750 0
16.833357 17.356197 -381.584961 0
-17.192514 -10.592165 -399.748840 0
6.658470 -14.515959 -385.842438 0
5.173922 -11.303421 -388.239471 0
23.799797 12.365405 -397.752594 -1
-44.260735 12.869481 -405.432983 -1
-6.401274 7.134378 -396.340485 0
12.506017 19.117235 -386.904327 -1
7.942221 18.606665 -386.816833 0
16.822041 1.124898 -381.328461 0
28.922636 18.321413 -386.139740 -1
-3.269614 40.133732 -394.392212 -1
19.244471 3.357523 -379.838470 0
4.415968 7.250827 -388.679901 0
-1.447519 -14.187666 -390.707947 0
15.113323 -8.879814 -382.335938 0
2.131692 3.192100 -389.995514 0
-16.380114 -1.695440 -399.095276 2
17.793060 2.867092 -380.726166 0
17.065187 7.609787 -381.179993 0
-5.830617 -9.381714 -392.876678 2
25.974703 0.125131 -376.409637 0
15.111938 -9.629507 -382.300903 0
-4.296882 -3.477070 -393.830383 0
23.532766 -3.326624 -376.790070 0
-10.610097 -4.820919 -398.398682 0
21.413845 -2.103875 -378.601440 0
-10.594797 3.256177 -397.824158 0
16.089157 1.375841 -381.719727 0
22.516270 18.100866 -376.301727 0
-6.366149 3.484166 -394.165741 3
1.111661 0.385493 -390.644501 0
-10.273917 -7.115163 -395.503510 2
5.426060 8.763421 -388.083557 0
16.262407 -15.039201 -379.925537 0
-0.167581 -11.357805 -390.107391 0
22.763695 18.347857 -376.317047 0
24.947718 -4.301503 -375.796448 0
-9.277639 6.370374 -397.217468 0
-11.616111 8.447395 -397.103668 4
6.399642 0.884887 -385.476257 1
19.642876 -15.207491 -377.929352 0
-11.330462 -5.572263 -396.211121 2
-9.802427 12.354299 -397.395325 0
-16.148085 9.813423 -399.823212 4
9.435636 8.205170 -385.716888 0
7.646054 -2.389283 -384.664612 1
5.677390 -12.816082 -387.886261 0
25.296104 12.591441 -405.023407 -1
20.209007 2.607884 -379.261841 0
18.277386 -5.599190 -380.424988 0
15.992697 17.009943 -379.431183 0
3.656404 -6.236639 -389.133087 0
14.866230 9.386330 -382.422363 0
18.761639 1.618895 -380.138336 0
25.486176 15.892106 -376.477753 0
12.903269 14.186248 -383.644592 0
23.017036 -8.496292 -376.428772 0
4.933709 18.473862 -389.352722 -1
11.668288 -12.447890 -384.354919 0
14.132329 9.899172 -382.899872 0
1.869046 17.162445 -388.503906 0
-20.064104 12.586176 -404.854034 -1
25.225618 -6.769146 -376.269806 0
-13.122766 18.764269 -395.473297 -1
17.306086 -2.366436 -380.986359 0
-9.487341 -9.693703 -395.114380 2
8.936184 -7.196241 -385.970917 0
-5.353840 10.229589 -395.680389 0
-10.003365 -2.970817 -395.050354 3
-15.583411 -7.174066 -398.777649 2
3.402347 -4.709971 -389.229980 0
12.408660 6.407883 -383.892364 0
15.356827 -10.626351 -382.163055 0
15.112415 10.384354 -382.312988 0
-13.181187 -9.225822 -397.233917 2
-4.794217 -10.908386 -392.306091 2
10.925959 11.207685 -384.812561 0
-9.014157 16.241810 -397.072906 0
11.916706 8.676779 -384.246674 0
2.386639 0.639917 -389.910339 0
-6.877246 -3.477348 -393.861847 3
3.279836 12.875124 -405.610779 -1
14.623650 -1.625491 -382.629822 0
5.677043 17.387924 -387.862579 0
25.626221 19.073393 -386.016998 -1
-8.700173 -10.972977 -394.629028 2
5.424913 -9.011396 -388.001465 0
-7.645518 1.418541 -393.566711 3
11.174113 8.686510 -384.677582 0
20.931862 5.827976 -378.855286 0
21.174194 2.604371 -378.750885 0
12.356510 18.388384 -382.278961 0
23.025925 -6.035356 -376.574127 0
-11.342862 9.994965 -396.644745 4
12.604188 17.884192 -382.195984 0
-17.191715 -7.714353 -399.730316 0
11.668474 -5.908639 -384.361023 0
17.063183 -13.091835 -381.135223 0
-11.179877 -12.172687 -400.110474 0
4.896232 -14.283904 -386.395142 0
20.692032 8.806500 -379.008118 0
2.383624 19.241423 -389.417725 0
-17.461245 10.077151 -399.906250 0
23.532383 7.522025 -376.783936 0
6.117538 7.156441 -383.620392 0
-14.020660 12.923398 -398.908020 4
4.920867 -7.748639 -388.339264 0
6.433462 18.386589 -387.513397 0
8.437336 -12.257560 -386.283051 0
10.542180 18.978764 -389.257050 -1
9.435166 -12.238986 -385.697693 0
-13.716891 -14.961191 -397.676971 0
9.186088 15.530173 -385.847900 0
17.474306 18.737597 -379.221008 0
10.181005 7.942911 -385.238983 0
-7.712257 10.783341 -397.002197 0
4.163243 11.070983 -388.855713 0
9.634296 -0.625482 -383.566742 1
2.131876 -3.953963 -390.029236 0
11.421700 10.696186 -384.529511 0
3.148706 -5.986012 -389.394135 0
-7.974492 3.510197 -397.110596 3
15.093714 18.676767 -388.274231 -1
-14.245857 -1.690360 -397.899384 2
25.421360 4.056549 -375.520325 0
26.555088 -8.029613 -377.650391 -1
20.931978 -0.121971 -378.857422 0
7.659250 -1.384806 -385.328522 1
25.421024 11.674090 -375.515350 0
5.929651 -7.737217 -387.766846 0
4.141449 -0.377661 -386.820099 1
6.425897 -14.055114 -387.057678 0
17.551231 10.594959 -380.890411 0
4.163255 15.396822 -388.856842 0
0.855994 -2.171373 -390.748108 0
14.132136 6.140672 -382.894653 0
19.413696 13.245533 -378.287628 0
24.907351 11.738153 -403.026031 -1
-4.555353 -2.961961 -393.872681 0
1.111578 -11.116981 -390.615265 0
1.877023 15.448501 -390.162018 0
-9.277142 8.449363 -397.196198 0
1.622000 15.453787 -390.295532 0
-14.304429 -13.723872 -399.535370 0
-12.412942 8.979009 -397.630737 4
27.380573 17.725437 -378.803345 -1
8.937176 15.536848 -386.013733 0
16.577900 10.610761 -381.458496 0
-2.225994 1.928822 -392.589355 0
24.943466 19.302835 -375.732422 0
-11.959818 -12.689602 -399.898346 0
-11.595541 1.428755 -396.400452 0
20.933182 4.836624 -378.879181 0
2.386473 3.701442 -389.883179 0
-7.928156 -13.561322 -394.803162 0
12.630812 1.380467 -383.003296 1
12.644998 -0.625264 -383.433472 0
-3.259885 -5.015550 -393.218628 0
15.358243 -8.376412 -382.198303 0
4.163156 -1.651906 -388.847595 0
17.550875 10.096262 -380.882629 0
15.598292 18.925863 -388.172058 -1
-10.285288 10.495429 -395.941284 0
26.256409 -5.300871 -376.914001 0
-4.296524 -0.899857 -393.797607 0
14.317728 19.082739 -381.158234 0
19.885534 11.993485 -377.836121 0
-9.236503 -6.337980 -395.456268 0
-16.928520 -0.651788 -399.698456 0
-11.279283 40.911011 -394.421448 -1
12.163681 15.459715 -384.097351 0
12.654610 -10.920881 -383.724915 0
9.386410 2.136258 -383.704590 1
10.374961 4.890284 -383.082703 1
3.656519 6.240918 -389.145386 0
10.127841 -1.628030 -383.227295 1
-0.934153 -14.930802 -390.084198 0
9.435084 -10.219761 -385.694305 0
5.425158 17.141024 -388.019012 0
14.379307 13.152951 -382.797577 0
-5.840994 -5.535202 -393.575928 0
-0.424633 -5.762182 -391.499084 0
-7.443796 15.442121 -396.554657 0
6.181292 -4.436820 -387.618317 0
4.415144 -2.413773 -388.607361 0
1.875911 11.101590 -389.930756 3
18.763155 12.067539 -380.169067 0
17.064045 9.854049 -381.154480 0
-10.279079 -14.886899 -395.702240 0
6.935602 10.263817 -387.203705 0
-12.161234 -0.909272 -397.917480 3
17.793589 10.590705 -380.737457 0
-14.787415 3.261262 -398.445435 2
3.402930 12.357274 -389.296692 0
21.800184 16.887785 -376.706299 0
25.677341 -4.054188 -375.666534 0
20.362656 -13.708213 -377.504517 0
16.750538 18.792213 -385.430908 -1
1.358443 -14.598688 -388.041412 0
2.895460 15.172873 -389.640350 0
-12.141009 11.310137 -397.255707 4
23.998526 19.088432 -376.352875 0
12.163849 -2.637141 -384.102661 0
6.432569 -12.801984 -387.459564 0
21.766144 18.797049 -380.424225 -1
3.387837 -14.834571 -387.570038 0
23.531151 -2.340211 -376.764221 0
4.162820 -2.415071 -388.816223 0
-5.055723 -11.945939 -392.657379 2
-4.540536 -12.971550 -392.591583 0
-9.546981 12.100426 -397.598206 0
14.377647 -5.883925 -382.753387 0
18.520973 -6.344093 -380.309723 0
26.544012 -10.496492 -377.492859 -1
8.979866 18.149117 -387.857636 -1
-12.056549 40.660194 -394.492126 -1
14.132819 4.386980 -382.913147 0
-11.593184 -8.945250 -396.319885 2
6.935114 10.009735 -387.176453 0
10.388653 19.204395 -383.588226 0
3.387727 -14.073263 -387.557465 0
14.866970 -3.877041 -382.441406 0
-5.312339 -9.632341 -392.613281 2
16.812929 16.337543 -381.121887 0
17.067003 7.111673 -381.220612 0
20.451344 -3.595554 -379.148712 0
-14.808379 10.054574 -399.010284 4
-15.342790 10.846128 -399.313812 4
21.121624 -9.269171 -377.810516 0
-15.601033 -10.839625 -399.228577 2
-8.441928 -15.363469 -394.641174 0
-45.588085 12.869323 -405.428009 -1
1.615781 19.210863 -388.799225 0
7.185558 -4.936298 -387.005249 0
-11.926284 -13.697825 -398.777069 0
9.684811 12.743855 -385.577850 0
4.920602 -5.969474 -388.318390 0
9.236778 18.662472 -387.977020 -1
7.686576 14.299350 -386.703247 0
16.091585 13.867376 -381.777344 0
-5.833640 -6.042679 -393.080383 2
3.135471 -15.349221 -387.757385 0
22.274111 -14.898657 -376.375061 0
14.867545 14.893117 -382.456177 0
20.364254 -13.215189 -377.534149 0
11.173548 -4.906360 -384.658173 0
1.876924 -6.252799 -390.141418 0
26.226225 5.052366 -376.480713 0
-14.522965 15.512070 -398.350952 4
-3.255458 -7.321416 -392.684662 0
15.602773 8.627300 -382.055511 0
-2.215721 7.545674 -390.777527 3
26.486183 -11.706048 -376.670471 0
7.908421 -1.132191 -385.170654 1
0.600147 -11.378655 -390.823547 0
2.672617 40.136658 -394.420959 -1
-15.313286 -5.605100 -398.545929 2
18.762024 -8.082678 -380.146149 0
-14.006814 13.953750 -398.514069 4
8.936522 10.231526 -385.985504 0
20.931679 -3.344828 -378.851990 0
6.149767 -1.890641 -385.641449 1
10.677340 -6.673178 -384.937134 0
-6.091643 -15.046751 -393.113495 0
27.639112 18.987623 -389.438751 -1
20.448895 8.064482 -379.103302 0
4.415665 -11.315466 -388.653168 0
8.644347 3.396404 -384.237183 1
-12.919200 -2.726922 -397.179321 2
18.295731 17.071613 -380.806824 0
3.909756 16.674341 -388.978668 0
-14.808003 12.665286 -399.000153 4
-0.935205 -11.114368 -390.523468 0
23.279312 -13.678371 -376.682709 0
10.925110 10.451434 -384.782654 0
25.660357 -4.788501 -375.418030 0
-5.092796 9.190552 -395.536652 0
6.433302 -6.971246 -387.503723 0
20.599047 -12.219566 -377.304932 0
25.977652 -3.077300 -376.452362 0
15.783300 18.296785 -380.374756 0
-9.988399 19.232409 -394.459351 -1
14.377930 -5.383101 -382.760895 0
11.907849 6.409030 -383.961090 0
-4.832110 10.222517 -395.406860 0
13.395570 12.921055 -383.349335 0
20.452566 4.095990 -379.171356 0
6.962543 17.934538 -388.707764 -1
-13.982315 -10.280655 -397.817047 2
12.888965 -1.126455 -383.219269 0
-4.535518 -11.417497 -392.157684 2
-1.447561 17.004642 -390.719513 0
12.903805 -10.165871 -383.660522 0
4.920277 -2.665909 -388.292694 0
-8.238796 4.551944 -397.311890 0
10.374044 0.879314 -383.048828 1
-16.945011 7.725450 -400.087830 4
-15.858324 16.847988 -399.122223 4
-8.490747 15.456479 -396.923340 0
28.189583 19.602743 -386.493164 -1
-4.828393 13.834303 -395.102692 0
-13.180431 0.911825 -397.211121 2
26.228201 -3.077764 -376.509064 0
17.235064 15.768140 -379.422852 0
7.936443 -8.471466 -386.535400 0
2.131700 -4.719252 -389.996979 0
-9.794039 7.926717 -397.055267 0
-2.225797 2.699288 -392.554596 0
-3.518151 -6.560709 -393.295227 0
1.613530 -12.828344 -388.257385 0
0.600924 -13.698071 -391.329224 0
1.877065 5.746723 -390.170685 0
-5.872883 12.043406 -395.724640 0
2.375774 -14.856204 -388.135254 0
1.876953 -8.805934 -390.147491 0
8.188699 16.567692 -386.490753 0
-0.424644 -2.687993 -391.509277 0
18.281132 -0.620486 -380.502960 0
21.868101 21.612251 -426.113190 -1
-3.501410 -12.420686 -391.423767 2
26.488567 1.111257 -376.704376 0
6.934304 -6.204554 -387.131226 0
5.654833 19.089607 -386.345184 0
27.427034 18.589045 -386.450562 -1
31.717859 12.878500 -405.717133 -1
-5.344116 -1.936334 -394.961761 3
13.395451 9.659851 -383.345917 0
4.921058 -9.781982 -388.354340 0
0.600312 7.292825 -390.931244 0
7.909528 5.421791 -385.224579 1
22.879932 18.849796 -386.611908 -1
17.550877 -5.356686 -380.882721 0
14.379206 -3.379639 -382.794861 0
-7.649972 -1.930619 -393.795959 3
-7.908644 -1.415364 -393.831482 3
-16.396738 6.145562 -399.500366 4
-10.538853 -7.895979 -395.723511 2
-8.232580 13.901160 -397.012115 0
9.140408 1.383804 -383.929138 1
24.257792 -6.527790 -376.550537 0
-11.437879 -12.953522 -399.967377 0
22.755695 9.479399 -376.184784 0
6.684407 10.267573 -387.345398 0
20.603945 18.400396 -377.394653 0
5.929225 -9.259027 -387.738953 0
-13.991482 12.636010 -398.077850 4
25.693762 19.250296 -379.544189 -1
20.842211 18.392500 -377.232697 0
2.905134 18.805099 -390.942169 -1
-13.736235 10.556303 -398.237793 4
22.756989 3.571597 -376.206177 0
4.070231 12.588977 -404.944153 -1
25.008133 -10.474627 -376.706512 0
11.752076 18.874319 -387.114899 -1
-12.915435 -4.804763 -397.063568 2
27.044197 14.949975 -377.571411 -1
-17.464586 15.052135 -399.982758 0
-12.925604 7.153022 -397.376190 2
-8.786806 -13.168704 -398.558563 0
19.968357 -1.611812 -379.409790 0
27.373407 18.980274 -389.288025 -1
7.403507 0.884150 -385.155212 1
27.652006 18.236563 -379.122742 -1
-13.448594 1.692606 -397.446594 2
16.335009 -10.111848 -381.621704 0
12.409115 -6.404090 -383.906433 0
-16.422159 -10.078332 -400.119690 0
18.036606 -9.337674 -380.602661 0
8.686800 11.245887 -386.124207 0
5.397159 0.380926 -386.016479 1
23.999218 2.587956 -376.363739 0
19.245777 10.814991 -379.864258 0
24.530895 -8.261539 -376.956848 0
23.994844 16.623116 -376.295166 0
-7.392559 -9.146650 -393.825043 2
-4.047139 10.719008 -394.633728 0
-7.444301 14.405111 -396.581512 0
10.925536 -6.418958 -384.797668 0
26.497162 -14.669943 -376.826599 0
28.634794 19.139742 -382.296814 -1
-7.131496 -10.945888 -393.654785 2
24.469030 -15.376156 -376.006195 0
30.593159 12.010314 -394.637268 -1
-1.195510 11.929920 -391.995667 0
-9.738463 18.990774 -394.802185 -1
1.622144 -5.234132 -390.330261 0
2.386557 9.824927 -389.896881 0
-3.267779 11.996118 -394.170807 0
-15.056367 -10.824075 -398.655853 2
-9.486739 -8.658938 -395.089325 2
-4.015141 5.766502 -391.513550 3
-9.313765 -12.653612 -398.764191 0
19.970022 7.575079 -379.441467 0
22.036671 9.488115 -376.530670 0
3.889592 3.673810 -386.972565 1
7.902641 5.920795 -384.889130 1
-13.185735 0.392130 -397.371002 2
21.602968 -2.839380 -377.572266 0
-2.997959 -13.744285 -392.649475 0
-9.783889 18.300695 -396.643799 0
-6.903450 -5.042896 -395.362579 3
26.513857 17.890791 -377.063995 -1
7.436745 14.812386 -386.884399 0
13.825595 18.094513 -381.357605 0
10.985865 12.876039 -405.639587 -1
17.064354 1.872675 -381.161377 0
12.887228 -0.875567 -383.167633 0
-16.679741 -10.337360 -400.011292 0
4.145311 18.624172 -387.180817 0
13.147414 -8.152619 -383.435638 0
-9.278482 8.970491 -397.253540 0
-13.740594 11.602376 -398.364166 4
24.054644 15.183425 -377.232941 0
23.530510 10.726438 -376.753937 0
19.969534 3.602223 -379.432129 0
-4.570418 8.147780 -395.175293 0
21.798588 -10.966834 -376.678711 0
11.914574 -10.430979 -384.177917 0
1.366837 -6.513068 -390.439331 0
-10.800906 -6.602947 -395.827301 2
-9.486956 -6.590787 -395.098358 2
16.091549 7.122043 -381.776459 0
15.845393 3.875266 -381.871155 0
-13.731002 17.325247 -398.086090 4
-0.424737 12.942732 -391.595062 0
0.344323 -5.499483 -391.036163 0
1.366781 -8.301192 -390.423340 0
20.208944 3.352415 -379.260651 0
5.171411 18.919966 -388.051117 0
12.102762 -0.123038 -382.173706 1
4.162614 16.412132 -388.796997 0
-1.702569 -14.691368 -390.504913 0
-6.914281 17.233711 -395.982849 0
-4.015653 6.023469 -391.563568 3
5.421192 -13.825996 -387.735321 0
-9.750592 -4.007334 -395.293915 3
12.410865 15.202954 -383.960571 0
0.088209 -9.085709 -391.201141 0
26.233410 19.100147 -376.583832 0
8.973335 18.389538 -387.575500 -1
19.820713 19.092386 -381.350952 -1
10.376133 0.127364 -383.125946 1
-0.427778 40.650566 -394.398712 -1
-10.556429 14.916687 -396.383484 0
-16.115870 -2.478484 -399.025574 2
19.731188 7.827233 -379.628448 0
9.386029 4.646946 -383.688995 1
13.641006 7.399159 -383.189758 0
-17.463825 -4.839877 -399.965363 0
25.004864 -9.487353 -376.657257 0
-9.214051 -2.966641 -394.494965 3
4.392608 -0.124471 -386.623810 1
-7.413803 -5.554622 -394.956787 3
2.386537 1.660440 -389.893646 0
-10.766408 18.979271 -394.563019 -1
17.065014 6.362544 -381.176117 0
-6.866180 -0.126597 -393.228149 3
7.436497 11.773971 -386.871490 0
0.856066 1.919939 -390.781342 0
21.086203 -7.279098 -377.176941 0
23.377403 18.842514 -386.462555 -1
9.880840 -0.123428 -383.383820 1
-5.096754 -4.530975 -395.844116 0
13.836346 19.204828 -388.677063 -1
4.668845 10.299129 -388.535858 0
-12.660699 0.132053 -397.231842 3
9.435201 -5.172031 -385.699097 0
14.440648 12.876449 -405.652496 -1
12.164168 -6.156177 -384.112732 0
19.245541 0.871993 -379.859589 0
-11.320621 -0.386493 -395.866974 3
11.621311 19.165308 -382.807495 0
-12.150745 16.522480 -397.574249 4
17.065451 2.371675 -381.185913 0
-15.845823 -2.999072 -398.807587 2
9.980989 18.375027 -387.269684 -1
14.131776 10.149336 -382.884888 0
-11.591777 -0.386888 -396.271790 3
6.431751 -9.251179 -387.410339 0
-8.437577 40.396477 -394.437744 -1
3.909447 10.310052 -388.947906 0
-1.957346 15.198568 -390.300201 0
4.921500 16.394918 -388.389191 0
-4.281476 17.078579 -392.418335 0
13.886651 10.905456 -383.041748 0
-6.606064 0.902336 -393.077667 3
17.794332 -9.590527 -380.753387 0
6.935040 9.756272 -387.172333 0
14.072738 18.091082 -381.285309 0
16.334938 2.873823 -381.620026 0
17.473398 -15.010531 -379.201294 0
-16.680975 -13.217681 -400.040894 0
16.748564 18.510984 -379.662842 0
8.930853 7.953255 -385.740662 0
-3.765231 -7.312309 -392.196228 0
-13.979563 -8.196461 -397.738739 2
5.929554 -6.975866 -387.760529 0
-10.537703 -11.002209 -395.680298 2
22.508886 -11.936917 -376.178314 0
25.412539 16.337482 -375.390015 0
5.648255 0.128285 -385.895752 1
-4.276331 -8.846546 -391.946777 2
3.909545 -12.596955 -388.957611 0
16.265850 15.792374 -380.005981 0
18.842699 18.364418 -381.780762 -1
-11.705278 -12.697647 -400.151886 0
-7.140512 18.701597 -394.152466 0
-5.352719 -2.716062 -395.597595 3
8.405928 19.267321 -384.845093 0
28.392906 18.394773 -382.411835 -1
22.264498 19.294891 -380.423462 -1
-12.121596 -0.387229 -396.620483 3
-6.394460 13.344711 -395.918610 0
24.706728 -14.632907 -375.875244 0
-15.578350 -6.910869 -398.648132 2
-38.951008 12.870111 -405.452820 -1
12.657927 -4.142239 -383.825500 0
-5.605116 -2.712799 -395.122284 3
-4.840367 -3.237766 -396.082489 0
9.879662 5.646088 -383.338104 1
-1.445683 -14.680369 -390.212555 0
-1.972381 13.256393 -393.298340 0
11.854268 3.128567 -382.233398 1
21.320515 -13.441455 -376.951294 0
23.762867 8.009639 -376.525177 0
19.487309 2.611048 -379.722015 0
8.495409 18.454363 -388.941772 -1
-14.514458 1.434944 -398.117584 2
1.622107 4.982690 -390.321381 0
14.132907 11.403005 -382.915527 0
25.954920 -7.258757 -376.122925 0
11.608941 0.127123 -382.399994 1
-11.296677 18.743221 -395.029724 -1
22.512501 6.033928 -376.238739 0
-4.283461 -6.292207 -392.600250 0
26.228085 -0.367592 -376.507416 0
-6.611890 -2.701141 -393.424316 3
-8.491919 10.003366 -396.978119 0
29.488358 18.453251 -383.627502 -1
-9.277764 6.110526 -397.222809 0
-6.919979 11.801861 -396.309204 0
19.129053 18.148996 -382.505920 -1
-16.695913 4.063290 -400.399139 0
-11.883983 7.412803 -397.362671 4
-0.168124 -1.406527 -391.372559 0
23.758596 18.601049 -376.457489 0
7.686085 8.225626 -386.678558 0
-11.079272 16.737719 -396.510010 4
14.867553 1.128225 -382.456421 0
-7.646178 1.161100 -393.600708 3
8.436894 11.249924 -386.262817 0
3.149113 12.107120 -389.444458 0
22.565363 19.374233 -377.122192 0
23.812838 -9.010154 -377.316956 0
13.888069 -5.136921 -383.080872 0
-13.443482 -7.147401 -397.295502 2
6.905172 18.795820 -385.504852 0
11.175738 15.988843 -384.733551 0
4.391797 2.658016 -386.552429 1
23.284868 13.439037 -376.772614 0
24.738991 19.530020 -380.154572 -1
-6.113481 -2.966850 -394.522797 3
24.949427 -12.663405 -375.822205 0
-4.555850 0.388721 -393.915649 0
13.147728 -3.636295 -383.444794 0
2.393925 19.068645 -391.100525 -1
17.793697 -6.102119 -380.739807 0
-4.537717 6.035534 -392.347870 3
-11.856009 -6.872369 -396.427307 2
2.895182 2.424044 -389.602905 0
28.447275 19.526716 -390.026245 -1
26.562580 -5.312726 -377.756958 -1
0.088208 4.225929 -391.200012 0
-7.404536 41.173458 -394.463135 -1
15.601089 -9.622287 -382.014252 0
16.821371 11.854337 -381.313293 0
12.902011 9.917458 -383.607147 0
-4.837278 -3.753745 -395.829742 0
17.307922 7.357393 -381.026794 0
-1.452609 3.978887 -392.081970 0
3.637291 3.168392 -387.099030 1
-7.136094 18.690025 -393.908569 0
20.845959 15.433042 -377.300507 0
-9.801869 11.573500 -397.372711 4
11.916289 10.939378 -384.233246 0
15.408863 19.197876 -383.458008 -1
15.847076 2.876020 -381.911743 0
-13.712227 -9.493113 -397.541748 2
15.358719 11.131889 -382.210144 0
10.180374 -11.971595 -385.215088 0
25.664085 2.827529 -375.472595 0
22.758413 -14.400512 -376.229736 0
15.847684 13.622866 -381.926392 0
15.114728 14.139173 -382.371521 0
22.035627 6.284705 -376.512848 0
-11.861935 -15.181175 -396.625458 0
-16.943581 14.269457 -400.054016 0
27.198673 12.877964 -405.700226 -1
6.399653 0.380393 -385.476929 1
25.831434 16.942240 -377.920959 -1
16.289537 -12.324966 -380.559387 0
-9.542872 17.556633 -397.427063 0
14.129210 0.878778 -382.815369 0
-15.072381 -8.746396 -399.079864 2
16.335163 13.861854 -381.625336 0
-16.660608 6.146363 -399.552460 4
15.753993 18.808180 -385.758331 -1
-9.012908 6.367173 -397.017883 0
9.218179 -14.566875 -387.195831 0
8.687925 -4.672994 -386.174225 0
22.813757 19.260729 -389.808411 -1
-2.224598 9.116349 -392.343170 0
6.900121 -0.880264 -385.222870 1
14.377815 12.149714 -382.757843 0
-1.968282 -6.547126 -392.480957 0
-12.941539 11.848224 -397.866089 4
16.091579 10.119974 -381.777191 0
3.889587 2.407675 -386.972015 1
19.004658 1.618385 -380.018494 0
10.648920 -13.940905 -383.912537 0
-16.657301 0.655611 -399.473145 2
8.687567 -5.430881 -386.158295 0
17.065601 4.866113 -381.189270 0
-8.957171 -2.450764 -394.562653 3
3.402379 4.459394 -389.233704 0
22.275488 -14.653271 -376.398315 0
9.138057 -1.881762 -383.830414 1
-9.743749 -0.644153 -395.016479 3
-9.214477 -3.999420 -394.513184 3
13.149023 -11.164925 -383.482544 0
22.448168 18.450087 -383.561737 -1
-6.663659 7.915726 -396.504700 0
9.185938 -8.456260 -385.841583 0
4.921299 13.090393 -388.373352 0
18.442110 14.003054 -378.690399 0
25.244244 -9.484591 -376.547607 0
1.618983 18.739077 -389.569580 0
-7.976023 10.788355 -397.186798 0
22.511850 -14.154244 -376.227875 0
-2.222957 -9.105511 -392.053772 0
7.150027 -1.383954 -385.091644 1
-14.243332 -7.156997 -397.828888 2
19.163376 -12.744801 -378.237885 0
14.808418 -13.832790 -380.935211 0
22.070671 -0.121409 -377.111633 0
11.248781 18.880814 -387.248108 -1
-2.490069 13.011682 -393.681213 0
-16.395529 19.215347 -399.470856 0
11.172728 16.991308 -384.629913 0
-9.222916 -7.103847 -394.874512 2
7.123486 12.363552 -397.692993 -1
2.131889 -0.380796 -390.031647 0
-13.745354 8.216374 -398.502167 4
-12.649795 -6.360954 -396.889740 2
8.144976 5.913688 -384.427094 1
25.667015 14.131382 -375.515472 0
3.655937 -7.763486 -389.083344 0
22.274366 -4.554469 -376.379395 0
-11.064379 -8.160155 -395.976990 2
-1.452736 1.156721 -392.116089 0
-13.987903 -12.107750 -397.976044 2
3.148597 1.148651 -389.380676 0
1.106931 18.201742 -388.982269 0
11.172838 12.712650 -384.633698 0
-10.012296 -7.630842 -395.403076 2
1.622050 11.367729 -390.307648 0
-2.483524 -8.091522 -392.646545 0
-6.089872 -6.555771 -392.999207 2
18.446262 -11.027886 -378.775635 0
-8.750882 13.119029 -396.929108 0
-11.616898 14.165181 -397.130554 4
16.089924 10.868335 -381.737915 0
-0.424490 9.349790 -391.367889 3
9.138005 3.392790 -383.828247 1
-14.523938 7.431737 -398.377594 2
-15.052600 2.740556 -398.556122 2
-7.142679 -6.060998 -394.272034 3
-4.817242 6.579773 -394.190155 0
18.279608 3.861059 -380.471222 0
18.496769 18.266916 -384.991211 -1
-15.340458 8.231857 -399.253113 4
17.062799 5.613516 -381.126648 0
18.762861 11.818581 -380.163116 0
-4.311362 8.923161 -395.157562 0
0.856122 -7.542134 -390.806519 0
2.386251 0.894920 -389.846802 0
11.907319 5.906257 -383.944000 1
-15.860854 17.111895 -399.185883 4
2.894920 -1.909889 -389.567688 0
26.456934 12.010284 -394.636322 -1
13.396142 11.918142 -383.365662 0
-16.652481 -5.355184 -399.357574 2
7.972960 18.932781 -388.313965 -1
5.929398 -6.721947 -387.750305 0
-14.518222 -11.072850 -398.220825 2
-16.670609 5.365207 -399.792297 0
-6.918383 15.169729 -396.217804 0
24.475191 5.293381 -376.100861 0
7.902694 -15.235785 -384.891724 0
12.410747 9.423995 -383.956940 0
-4.567360 12.018639 -394.910828 0
3.402166 -9.803519 -389.209351 0
20.210892 5.338367 -379.297180 0
19.727255 -6.579837 -379.552795 0
2.640798 1.149668 -389.725159 0
-8.169781 -3.994051 -393.983612 3
5.930199 -4.946469 -387.802643 0
-12.144012 6.372563 -397.353943 4
23.998468 17.610731 -376.351990 0
-14.270685 14.478170 -398.592896 4
-8.180316 41.176441 -394.491699 -1
18.279352 1.371322 -380.465912 0
25.206196 18.015388 -379.690002 -1
11.420304 -12.955215 -384.482483 0
15.112533 -10.880781 -382.315948 0
-3.247504 -8.328872 -391.725220 0
-11.341270 10.772119 -396.589081 4
6.181346 16.616171 -387.621674 0
-5.313892 -12.976059 -392.728058 0
7.399976 -14.231278 -384.971558 0
9.184428 -4.163312 -385.778168 0
-8.701288 -6.583802 -394.679596 2
24.472452 -3.074083 -376.058777 0
7.746003 7.531534 -377.260254 -1
-16.124865 15.024495 -399.248291 4
-3.008225 13.279843 -393.994080 0
7.450759 12.475334 -401.288635 -1
20.681267 12.272314 -378.810913 0
2.132050 10.339558 -390.061035 0
-12.306476 18.962784 -394.220276 -1
21.557590 -11.462871 -376.779175 0
0.600334 12.409599 -390.945129 0
-14.512608 -0.649127 -398.066833 2
-2.231462 13.780066 -393.553711 0
6.180534 -13.059275 -387.570770 0
-13.457601 6.898826 -397.712769 2
2.122670 18.426043 -388.344910 0
-1.195536 -1.152278 -392.004150 0
-14.272281 10.045179 -398.637451 4
-8.962346 -9.944102 -394.790619 2
0.852354 18.970461 -389.086761 0
18.047497 17.571180 -380.832489 0
-16.115173 1.438155 -399.008362 2
29.417986 18.567444 -386.001495 -1
-12.124660 -15.184822 -396.720764 0
4.425502 18.736647 -389.519043 -1
23.282488 9.246715 -376.734100 0
-7.385448 0.903182 -393.446259 3
-11.175476 -13.214776 -399.952972 0
-9.280626 15.212897 -397.345337 0
-10.805101 15.419784 -395.981018 0
-9.795126 17.282303 -397.099365 0
1.364641 18.750734 -389.811951 0
-17.465218 17.146673 -399.997253 0
-5.854170 40.915398 -394.463745 -1
25.661476 13.145629 -375.434418 0
-5.101040 -3.757037 -396.176941 0
14.802496 -14.574786 -380.782867 0
-6.610638 -9.393011 -393.349762 2
20.349936 12.916644 -406.918793 -1
7.398464 5.920853 -384.892914 1
14.315363 18.082066 -381.095276 0
1.111555 -8.816309 -390.607147 0
-3.249368 18.084129 -391.950012 0
0.088206 -1.149882 -391.188934 0
2.895004 13.131026 -389.578888 0
25.182816 -2.824784 -375.631317 0
23.312504 18.995911 -389.608734 -1
17.308241 -6.605511 -381.033813 0
24.291092 -8.757452 -377.067444 0
-12.923553 2.472016 -397.313141 2
13.885977 1.631181 -383.023163 0
18.762321 4.355348 -380.152161 0
12.409622 -8.162963 -383.922119 0
-1.710227 -3.206530 -392.261322 0
-6.088946 2.187673 -392.939423 3
-1.960323 -10.101739 -390.893768 0
15.113883 6.382140 -382.350128 0
-15.062311 -12.655169 -398.813232 2
-4.298126 18.176146 -393.944366 0
1.620747 10.592986 -389.994049 3
7.902011 0.883468 -384.858490 1
-9.015617 11.306763 -397.137207 0
0.343343 -14.159205 -389.924194 0
3.656289 -5.217915 -389.120880 0
-31.250978 12.871025 -405.481628 -1
-0.168128 -6.528791 -391.381866 0
17.250689 19.039125 -385.323486 -1
10.669837 -3.396165 -384.666626 0
23.023607 -3.324383 -376.536255 0
1.363636 16.442862 -389.524933 0
19.729475 -4.841786 -379.595520 0
10.429815 -7.432160 -385.108093 0
-12.665521 18.334806 -397.383118 0
7.155888 19.043264 -385.407257 0
11.115131 4.884723 -382.647095 1
21.354813 20.570114 -410.867065 -1
-13.978502 -9.757348 -397.708527 2
-14.518533 -10.812495 -398.229340 2
17.552948 10.845266 -380.927643 0
19.882704 -12.729452 -377.782318 0
-1.195424 -2.434644 -391.967407 0
6.899097 -1.888308 -385.165680 1
-13.989299 5.601819 -398.015747 2
22.115150 1.361971 -377.871613 0
-3.527652 13.034029 -394.357330 0
-8.231060 15.716828 -396.938782 0
-16.114611 -2.217198 -398.994415 2
17.792953 -0.869983 -380.723877 0
13.395434 4.391933 -383.345428 0
4.669039 -7.244365 -388.552032 0
11.915085 -8.671568 -384.194397 0
-12.919533 1.171687 -397.189545 2
16.804758 12.590456 -404.991699 -1
12.887359 0.628857 -383.171509 1
-12.149918 16.001064 -397.547211 4
5.677864 9.267388 -387.918671 0
19.488558 9.072151 -379.746338 0
18.924322 -10.522053 -378.412109 0
24.949020 -5.039504 -375.816071 0
-17.200773 12.695148 -399.940887 0
-6.349191 -6.043222 -393.115723 2
2.386070 16.200113 -389.817291 0
24.054981 -10.242556 -377.238251 0
5.904482 18.573189 -386.120911 0
21.084410 9.997182 -377.144836 0
-5.872544 15.926787 -395.701813 0
1.621952 -4.722726 -390.284058 0
10.871464 -1.125497 -382.893250 1
-13.447822 -5.849383 -397.423767 2
25.666944 1.844931 -375.514404 0
-15.577589 -2.997726 -398.628662 2
18.681515 18.950399 -378.514923 0
-10.800544 -8.674820 -395.813995 2
9.490185 19.168743 -387.946777 -1
-8.789062 -12.650335 -398.660889 0
-2.989577 -10.118741 -391.551697 2
9.932862 15.007842 -385.402344 0
24.951370 -3.810235 -375.851501 0
21.026892 19.006153 -389.818817 -1
21.561714 10.236003 -376.851257 0
24.474007 18.336428 -376.082642 0
-13.476582 10.296635 -398.273712 4
-3.244636 6.532853 -391.379211 3
19.247061 -3.602580 -379.889618 0
17.062845 -10.846963 -381.127686 0
-12.966896 -13.171581 -398.645630 0
-9.806251 7.416305 -397.550385 0
15.603325 2.627187 -382.069000 0
4.922003 12.075549 -388.428894 0
19.507149 15.796638 -380.108582 0
4.163028 -2.160746 -388.835602 0
-8.192850 -5.556582 -395.096130 3
3.135460 -14.080475 -387.756073 0
-15.578477 -1.693554 -398.651398 2
12.642598 -1.126871 -383.360687 0
23.280785 7.520480 -376.706543 0
6.180739 -12.045204 -387.583618 0
4.162352 8.778977 -388.772461 0
-7.452184 9.484377 -397.001495 0
4.935915 19.246815 -389.526794 -1
-5.610946 12.296412 -395.533295 0
-5.853655 40.653687 -394.429016 -1
16.990627 -14.277896 -379.514587 0
13.336599 -15.107925 -381.661682 0
22.511162 10.218757 -376.216370 0
-2.985020 15.479891 -390.954803 0
9.881692 -2.130634 -383.416901 1
15.601193 0.876945 -382.016785 0
7.652202 0.631815 -384.973938 1
10.129533 -1.126667 -383.291290 1
25.245279 -11.209882 -376.563049 0
13.090937 -13.863777 -381.788513 0
2.640751 -10.836428 -389.718201 0
-27.487892 12.585314 -404.826324 -1
21.853989 5.314987 -377.636017 0
-0.423194 15.704231 -390.172363 0
14.376983 -11.143181 -382.735687 0
-7.189358 6.364460 -396.848694 0
26.228880 -9.976637 -376.518829 0
13.640275 -1.627783 -383.169250 0
-2.474967 17.541735 -391.293549 0
-5.312019 -7.833447 -392.589600 2
24.233887 11.202409 -376.179474 0
26.792179 -10.002778 -377.505402 -1
-15.611888 13.988495 -399.506378 4
-0.938257 -5.253814 -391.798004 0
-15.038100 8.209570 -398.172180 4
13.640670 5.142275 -383.180298 0
-15.849101 1.437728 -398.890106 2
4.920976 8.769389 -388.347870 0
23.762812 4.313784 -376.524323 0
16.800482 -13.081685 -380.839752 0
-16.144623 11.380795 -399.737518 4
14.623484 14.649327 -382.625458 0
-12.147609 13.657154 -397.471649 4
16.506243 15.535675 -379.809631 0
-6.110739 40.903164 -394.345795 -1
-7.975986 7.409489 -397.184998 0
12.434678 19.008183 -384.697266 -1
20.447899 6.575701 -379.084839 0
-17.193317 -8.761467 -399.767548 0
-12.385416 -4.541333 -396.748962 2
-10.544621 14.122718 -395.940094 0
5.152609 18.851177 -386.640228 0
6.935326 8.489837 -387.188293 0
25.184896 12.907785 -375.662354 0
1.111551 -2.170583 -390.605988 0
10.926570 7.934563 -384.834076 0
21.175501 4.339561 -378.774231 0
8.436372 11.754720 -386.238922 0
22.035015 -1.353086 -376.502411 0
-0.168111 -3.711195 -391.342926 0
-14.512394 -0.388635 -398.060974 2
21.319880 10.238415 -376.940063 0
24.056889 -8.515237 -377.268158 0
-1.968214 9.889700 -392.467346 0
3.148852 3.696970 -389.412170 0
23.285774 14.918927 -376.787262 0
-14.247003 -1.169701 -397.931427 2
24.945461 5.288618 -375.762482 0
-1.455854 14.016344 -392.957825 0
-17.194469 8.766249 -399.794342 4
3.909243 -3.179279 -388.927582 0
21.097366 8.274698 -377.376617 0
5.425422 15.110473 -388.037903 0
7.687300 15.312993 -386.739685 0
21.092468 8.519666 -377.288971 0
-17.462681 13.741936 -399.939117 0
0.088023 19.033365 -390.376953 0
22.761606 5.049706 -376.282532 0
4.997843 40.135948 -394.414001 -1
5.425086 -12.820298 -388.013855 0
-16.169060 -13.227649 -400.342560 0
-14.789102 -10.819596 -398.490875 2
18.762539 -4.351410 -380.156586 0
7.648266 -0.375665 -384.775909 1
19.971033 -1.363718 -379.460663 0
-8.953582 18.971649 -394.404572 -1
14.377485 3.633713 -382.749054 0
7.437268 16.585732 -386.911591 0
3.149055 -8.280227 -389.437347 0
17.794058 13.829969 -380.747498 0
-4.288128 6.560375 -393.028046 3
-3.000959 -4.756104 -393.042389 0
-4.815955 -1.158394 -394.084900 0
13.339173 -13.612047 -381.735352 0
8.186931 15.299832 -386.407288 0
-1.708705 18.851755 -391.912079 0
-11.593684 -0.646306 -396.336945 3
-4.832642 8.412225 -395.450348 0
-15.639956 5.894805 -400.224640 4
-17.460901 -13.736341 -399.898376 0
23.996265 -2.337436 -376.317413 0
17.062914 -2.367324 -381.129211 0
4.480684 40.132080 -394.375977 -1
19.726934 18.993061 -384.391235 -1
18.519451 -4.103960 -380.278503 0
20.960426 12.787007 -379.372314 0
-10.593240 18.612747 -397.765717 0
12.162290 -9.924966 -384.053436 0
11.629108 -1.376669 -383.064301 1
-12.411699 13.661253 -397.590942 4
7.186293 16.338169 -387.044861 0
9.932846 9.963853 -385.401703 0
12.409031 -3.138212 -383.903839 0
11.915783 -10.934883 -384.216919 0
13.138692 3.136325 -383.181244 1
21.320206 16.158529 -376.945862 0
-11.360150 9.230346 -397.249298 4
16.091160 -9.366244 -381.767212 0
13.643475 3.889351 -383.259094 0
13.149399 -6.899102 -383.493500 0
22.282084 3.081720 -376.509796 0
-16.951931 5.633281 -400.251190 0
21.796951 14.420565 -376.650421 0
-15.587097 18.925528 -398.871979 0
23.430273 18.682812 -383.187012 -1
-3.249814 -12.952129 -392.003815 0
22.037142 -9.730766 -376.538727 0
13.338120 18.860346 -381.705231 0
15.113984 14.638883 -382.352661 0
-4.293697 18.672462 -393.538422 0
21.416372 1.860318 -378.646088 0
-9.744157 18.743380 -395.033051 0
25.938354 18.080719 -375.882874 0
18.924536 17.459702 -378.416351 0
10.678312 15.998760 -384.972168 0
5.397858 -0.124292 -386.066467 1
23.280478 6.287856 -376.701569 0
-15.742137 19.057919 -396.198029 -1
10.373507 2.633788 -383.029022 1
-2.489439 12.235739 -393.581665 0
12.902259 8.411476 -383.614532 0
-10.045867 5.843317 -396.728851 0
5.677758 -6.978580 -387.911407 0
-13.181073 1.171808 -397.230499 2
0.599907 9.077408 -390.667267 3
-14.785304 17.859804 -398.388550 4
-17.734434 11.130958 -400.159607 0
10.182839 15.256319 -385.308350 0
18.763849 4.853269 -380.183105 0
-7.164477 18.505571 -395.475281 0
22.799273 -15.166280 -376.905182 0
19.273973 15.311734 -380.420776 0
-1.710201 -8.853510 -392.255371 0
13.886999 11.407050 -383.051331 0
24.233549 -13.167586 -376.174225 0
-4.828156 14.867757 -395.083252 0
26.231165 -1.106856 -376.551636 0
22.034880 -8.990648 -376.500092 0
21.788527 -14.657417 -376.504822 0
-8.998005 18.547037 -396.361420 0
-6.654401 15.677827 -395.953796 0
19.246042 2.363485 -379.869507 0
7.436989 8.736628 -386.897064 0
-1.701359 15.195726 -390.227203 0
1.111569 1.407891 -390.611969 0
20.603275 10.497380 -377.382416 0
-12.139244 -4.026637 -397.197968 0
25.180281 -13.884599 -375.593506 0
-25.939978 12.871655 -405.501495 -1
-8.178683 -6.579354 -394.412964 2
23.534569 2.591086 -376.818939 0
18.519659 -5.597097 -380.282745 0
-15.534649 19.121981 -397.529846 -1
17.754850 15.539721 -379.908539 0
-11.583790 1.686440 -395.998749 0
-11.864360 19.082378 -396.706543 0
15.356809 2.127673 -382.162598 0
10.676327 -10.198730 -384.900604 0
-11.165632 -13.464626 -399.600677 0
-16.696468 7.207677 -400.412476 0
0.342892 -11.592354 -389.411072 0
14.377523 -1.375539 -382.750092 0
7.185296 -8.481454 -386.991150 0
19.161930 16.707676 -378.209351 0
-6.610396 -9.135278 -393.335419 2
25.419006 19.044443 -375.485565 0
2.894686 0.129495 -389.536163 0
2.386420 8.038486 -389.874420 0
25.942963 -6.763387 -375.949677 0
-4.049771 9.692348 -394.890320 0
25.941994 -14.635257 -375.935608 0
20.718033 14.032413 -379.484344 0
-6.398429 -4.275400 -396.164368 3
10.373716 -1.627220 -383.036743 1
0.856154 14.451628 -390.821350 0
14.151485 12.590148 -404.981781 -1
25.417730 3.564576 -375.466705 0
0.855685 9.331618 -390.607239 3
22.036049 17.125822 -376.520050 0
13.395769 -7.147469 -383.355011 0
3.652982 4.454069 -388.768921 0
22.755705 -5.290617 -376.184937 0
5.401662 -15.293057 -386.338562 0
-3.246357 -10.888386 -391.586823 2
-3.787060 10.456428 -394.469971 0
-1.190354 18.774454 -390.305084 0
-10.796978 8.158255 -395.683350 0
-0.681315 0.899014 -391.630249 0
18.734621 18.504686 -384.696808 -1
-10.526763 -11.249443 -395.269531 2
24.472403 4.062358 -376.058014 0
-7.138174 -12.245337 -394.023376 0
14.130050 -0.373773 -382.838135 0
24.055761 -8.021109 -377.250458 0
23.020145 -4.062963 -376.479645 0
15.602455 13.377189 -382.047699 0
11.419689 -5.910189 -384.461823 0
18.278114 7.097114 -380.440186 0
7.686887 15.059109 -386.718872 0
21.653563 2.354693 -378.456543 0
9.503544 7.305922 -378.361176 -1
-1.710081 4.237032 -392.227875 0
-7.647737 -6.051911 -393.680939 3
20.692253 3.350219 -379.012146 0
-0.938119 6.026187 -391.740234 0
14.868287 -4.127667 -382.475281 0
-15.592201 15.537446 -399.002594 4
-10.528726 -2.455612 -395.343231 3
10.419756 7.177266 -384.736725 0
1.111120 9.327968 -390.454468 0
18.936750 14.001953 -378.660614 0
-2.484075 10.153405 -392.733612 0
8.642550 -1.129213 -384.157318 1
23.762743 -3.817045 -376.523224 0
-16.684750 16.890589 -400.131439 4
17.309196 9.602119 -381.054871 0
19.747215 -11.310316 -379.936859 0
4.921417 12.836558 -388.382660 0
25.128527 18.826809 -386.140411 -1
21.677124 11.778329 -378.868378 0
11.665922 -3.141262 -384.276978 0
-2.987295 4.738554 -391.252838 3
19.486485 4.101764 -379.705933 0
8.157609 18.520393 -385.023376 0
0.088223 12.675705 -391.262421 0
-5.872155 16.184652 -395.675568 0
13.395324 -5.892978 -383.342285 0
4.141214 1.900369 -386.798157 1
24.472340 6.031014 -376.057037 0
-5.869482 18.247715 -395.495514 0
18.034771 -2.363813 -380.563965 0
-16.928360 -3.005743 -399.694641 0
-7.658148 -14.831016 -394.216858 0
-1.959215 14.701786 -390.672913 0
-15.884725 12.951865 -399.786682 4
-9.485372 -9.950192 -395.032410 2
-8.698909 -8.131195 -394.571686 2
18.279922 -0.869421 -380.477783 0
9.683784 14.760799 -385.537018 0
23.067739 19.259588 -389.785339 -1
0.600110 18.798239 -390.799530 0
6.684015 -8.995632 -387.322723 0
21.822424 18.138811 -377.090576 0
19.004013 -3.355013 -380.005615 0
17.064281 -10.598454 -381.159790 0
26.125462 18.816118 -385.921204 -1
-12.072574 19.001083 -395.016510 -1
-12.658269 6.889161 -397.155579 4
9.435522 10.981487 -385.712250 0
21.799883 9.245904 -376.701080 0
-13.457498 4.816754 -397.709717 2
19.639788 -8.281550 -377.869934 0
-7.385868 -6.048647 -393.468597 0
-16.938492 7.199062 -399.933899 4
0.856003 19.051676 -390.752502 0
22.733423 17.529581 -379.930908 -1
26.299892 -13.956489 -377.538208 0
25.454639 18.263653 -379.685913 -1
23.027008 17.621956 -376.591858 0
-13.182112 -9.746387 -397.261780 2
14.377794 -0.123226 -382.757294 0
10.922128 -3.899711 -384.677612 0
16.823641 12.854163 -381.364746 0
23.999189 10.715316 -376.363312 0
-16.388599 18.684637 -399.302002 0
-6.647692 18.509283 -395.554596 0
15.356455 10.880175 -382.153778 0
-0.424498 6.788890 -391.375031 0
-4.795547 18.875942 -392.414917 0
-0.424640 -2.944162 -391.505859 0
8.687303 12.004595 -386.146576 0
-6.138614 9.463907 -396.144653 0
14.378180 5.888159 -382.767548 0
-2.484040 10.924239 -392.728027 0
-9.195440 19.195295 -393.698151 -1
25.667786 7.988399 -375.526733 0
13.387765 3.135873 -383.125946 0
25.183083 4.549406 -375.635315 0
10.925681 11.962819 -384.802765 0
24.536978 15.916275 -377.050323 0
-15.075475 9.797189 -399.161804 4
10.677715 -10.703862 -384.950623 0
11.670788 16.479664 -384.437225 0
11.172574 -5.661002 -384.624603 0
16.153595 17.682653 -383.248535 -1
23.022087 -7.266253 -376.511383 0
10.920885 6.923651 -384.633850 0
-12.123065 -8.693549 -396.668579 2
27.417624 18.913692 -382.784912 -1
-1.195509 10.390829 -391.995239 0
19.884110 -11.988663 -377.809052 0
-4.816446 -2.190139 -394.125031 0
18.683895 17.218752 -378.563141 0
0.342914 -14.906007 -389.436401 0
17.307266 0.625313 -381.012360 0
26.553059 14.457744 -377.621521 -1
19.481173 11.552747 -379.602448 0
-9.015190 17.023266 -397.118378 0
15.503702 12.876575 -405.656494 -1
11.303288 18.717670 -389.124542 -1
-15.311137 -7.429654 -398.490021 2
14.376426 -0.874546 -382.720856 0
18.033895 -6.597046 -380.545502 0
6.181610 13.572940 -387.638275 0
4.679910 18.988499 -389.456726 -1
-12.828071 40.132256 -394.377716 -1
7.686856 -6.450980 -386.717346 0
-1.703279 -13.674918 -390.667755 2
-5.597624 -2.192746 -394.594177 3
21.839865 11.979387 -377.391968 0
-11.118354 18.619438 -397.908661 0
24.292583 -8.264470 -377.090576 0
-46.307941 12.583130 -404.756042 -1
22.756868 -4.059990 -376.204193 0
1.111540 2.430260 -390.601929 0
10.924486 -3.648774 -384.760681 0
-14.122213 40.655430 -394.445923 -1
18.438732 -13.996517 -378.621002 0
20.551615 18.327229 -381.007629 -1
-12.651825 -5.842460 -396.953430 2
20.694206 7.567223 -379.047913 0
23.284019 10.480036 -376.758881 0
-5.829451 -12.464297 -392.798126 0
-3.776820 2.190256 -393.403412 0
-7.977007 10.269802 -397.235840 0
7.436316 8.229530 -386.862061 0
21.705717 18.961960 -383.761780 -1
20.480606 19.242979 -384.358917 -1
22.512812 -4.552830 -376.243958 0
16.333441 -0.871951 -381.585052 0
14.805580 19.067917 -380.862183 0
-17.231457 5.901134 -400.654358 0
15.402932 18.187166 -383.310394 0
-13.447363 -4.028789 -397.410217 2
-10.619255 2.741838 -398.742554 0
-9.548387 6.637637 -397.656738 0
-6.350541 -9.646719 -393.199310 2
25.182446 4.795092 -375.625824 0
-8.988341 -5.309298 -395.935699 0
-1.960053 -11.634889 -390.839935 2
3.148834 -3.947685 -389.409912 0
14.376514 -2.878116 -382.723206 0
-6.657748 11.278741 -396.152954 0
-12.924233 3.512172 -397.334045 2
17.615898 18.654282 -387.806763 -1
6.400515 5.930637 -385.528870 1
-16.385063 -4.308332 -399.215881 2
5.648383 2.653561 -385.904480 1
-0.425064 -13.717950 -391.897125 2
12.163489 13.700086 -384.091309 0
-0.423580 18.274115 -390.528900 0
-5.826444 -13.485491 -392.595520 0
18.034773 3.363936 -380.563995 0
1.366569 -9.066239 -390.362823 0
12.161116 -10.426592 -384.016357 0
3.656065 -0.889116 -389.097015 0
-15.591806 15.798143 -398.992462 4
-35.970978 12.584330 -404.794647 -1
-15.046642 1.696659 -398.398346 2
-6.090632 -10.929023 -393.048248 2
25.185175 -4.545843 -375.666534 0
-9.016582 15.206556 -397.179688 0
-15.078026 13.978794 -399.229340 4
21.650574 0.868653 -378.404327 0
20.450626 6.328480 -379.135376 0
14.376765 10.145227 -382.729889 0
19.224554 12.877017 -405.670410 -1
4.392548 0.887509 -386.618500 1
11.415544 6.918043 -384.322266 0
-13.979199 -2.730692 -397.728394 2
-0.167407 -12.111056 -389.702545 0
12.612270 2.129224 -382.441071 1
15.112083 12.385498 -382.304565 0
23.026207 -6.528280 -376.578766 0
3.909253 -10.814471 -388.928558 0
-5.312522 -9.889599 -392.626801 2
-6.889316 -14.069107 -394.553131 0
-5.050080 -12.702583 -392.219116 0
-6.925645 8.956494 -396.633698 0
6.685093 17.113026 -387.385193 0
-17.196253 17.401396 -399.835785 0
-0.938219 -5.509976 -391.782257 0
-8.174607 -10.445570 -394.216370 2
23.438507 12.591226 -405.016449 -1
22.770111 18.599352 -376.423126 0
-7.652350 -7.086646 -393.918365 2
-8.700049 -8.906959 -394.623383 2
-8.238881 7.151938 -397.315979 0
12.632142 3.887165 -383.043640 1
-13.980211 -3.251456 -397.757172 2
-11.615642 11.825042 -397.087646 4
10.623235 -0.123300 -382.986542 1
24.945278 8.976910 -375.759705 0
17.811344 -12.841828 -381.117401 0
12.162409 7.667226 -384.057190 0
-2.993394 19.115015 -392.051575 0
21.561214 -12.204590 -376.842499 0
-7.977928 8.971126 -397.281677 0
-1.195350 1.925647 -391.943115 0
0.088212 -2.941980 -391.215729 0
2.131845 -3.188238 -390.023560 0
-13.988983 -12.369131 -398.006744 2
-5.053130 -9.628482 -392.455994 2
21.559296 16.892389 -376.808990 0
5.173735 12.577315 -388.225433 0
4.415697 -10.552566 -388.656036 0
18.685122 17.715363 -378.588013 0
-10.561816 -14.401104 -396.585754 0
-4.828956 -6.591627 -395.148712 2
23.764280 -3.078078 -376.547546 0
22.757751 5.787419 -376.218811 0
9.633299 2.386241 -383.527039 1
-4.307153 13.822714 -394.771729 0
21.651796 5.821368 -378.425690 0
-5.871601 14.370850 -395.638275 0
21.172068 6.321427 -378.712830 0
-8.177321 40.903313 -394.347260 -1
6.934774 14.062799 -387.157471 0
9.185546 15.024305 -385.825104 0
22.512100 -5.291280 -376.232056 0
24.473932 4.800910 -376.081543 0
18.988972 -11.303409 -379.704834 0
-6.345244 0.387690 -392.871338 3
-9.280691 10.532720 -397.348114 0
22.512785 -12.431395 -376.243500 0
20.602743 -12.962592 -377.372650 0
7.437484 -9.999119 -386.922821 0
17.065338 -6.109229 -381.183380 0
21.080563 -10.731652 -377.076050 0
25.891508 17.896791 -382.465271 -1
-0.938257 -4.741048 -391.798157 0
26.212004 -6.276814 -376.276550 0
8.936932 -5.428700 -386.003235 0
9.138056 0.881108 -383.830383 1
-14.029248 -13.971912 -399.152344 0
17.083254 17.356133 -381.583527 0
19.489180 -1.116282 -379.758423 0
17.550625 -6.353559 -380.877258 0
2.131881 0.895340 -390.030182 0
-0.938360 10.643155 -391.841095 0
24.769339 -10.231411 -376.827759 0
-8.691591 -4.254630 -394.239777 3
-14.234155 17.823223 -397.572571 0
11.128619 19.180527 -383.111450 0
8.643217 -0.123686 -384.186981 1
-0.424713 10.123407 -391.573242 0
28.392338 18.644642 -382.404175 -1
10.918486 5.782168 -375.877441 0
10.675995 -12.465175 -384.888641 0
-6.138279 7.389679 -396.123047 0
11.372798 -14.404625 -382.883148 0
-13.182010 -4.807125 -397.258728 2
5.648583 -0.124244 -385.918182 1
-7.154995 -4.520763 -394.951904 3
-10.792069 7.895736 -395.503418 0
18.529036 -9.832497 -380.475281 0
-4.296641 -2.446078 -393.808258 0
-7.137914 -14.565367 -394.009033 0
-6.863979 -2.184454 -393.102051 3
8.062760 12.875692 -405.628662 -1
-1.968185 1.414558 -392.461578 0
5.647994 1.895848 -385.877899 1
-9.801509 13.133208 -397.358124 0
-14.521079 16.291969 -398.299194 4
-5.841744 -5.278332 -393.626434 0
21.320395 -10.481375 -376.949219 0
3.909737 7.001826 -388.976746 0
3.909960 5.984017 -388.998901 0
17.550739 -8.596754 -380.879730 0
14.131603 8.896471 -382.880188 0
-0.167420 19.002014 -389.733917 0
-16.937927 8.769016 -399.920563 4
20.363583 -11.485461 -377.521698 0
-15.055644 -13.432145 -398.636719 0
4.415351 -9.025891 -388.625580 0
26.130325 1.597456 -375.104065 0
-6.610877 -11.195212 -393.364044 2
19.487810 -0.122252 -379.731781 0
6.181045 -3.929365 -387.602814 0
21.467184 19.224596 -383.991699 -1
-0.938177 3.462942 -391.764648 0
7.903836 2.646979 -384.947327 1
16.751032 -13.540140 -379.718781 0
2.640808 -7.266264 -389.726562 0
-5.610800 11.778449 -395.523010 0
22.753891 -2.828722 -376.154968 0
-6.610140 -6.818505 -393.320160 2
-7.141990 18.705465 -394.234009 0
-0.167951 7.293543 -390.969727 0
20.841072 18.885172 -377.212067 0
15.603079 -0.623030 -382.062988 0
4.895464 -0.882804 -386.334534 1
-16.115089 -5.611574 -399.006287 2
6.149597 5.679856 -385.630768 1
-16.650032 -2.741474 -399.298828 2
8.144846 4.404255 -384.420959 1
13.395997 -2.632053 -383.361511 0
12.656223 7.912703 -383.773834 0
2.386609 12.376593 -389.905304 0
25.937122 18.253132 -379.467194 -1
-1.707164 16.528717 -391.558807 0
-2.991292 6.026743 -391.776398 3
-12.417976 12.626937 -397.792023 4
21.798994 -2.339724 -376.685730 0
21.837055 -14.196213 -377.343414 0
1.876208 10.592945 -389.992554 3
7.395171 -1.886131 -384.721588 1
26.229696 10.473684 -376.530548 0
-14.775933 -2.733490 -398.136047 2
20.451397 -0.370172 -379.149689 0
17.549587 -0.870282 -380.854736 0
16.284840 -13.317242 -380.449615 0
15.357903 12.631876 -382.189819 0
-12.924575 3.252252 -397.344543 2
26.788830 14.698491 -377.458191 -1
2.386328 9.058639 -389.859497 0
-6.657071 14.906496 -396.112671 0
23.024635 3.821298 -376.553070 0
14.868614 1.628883 -382.483673 0
24.708891 -14.388201 -375.908142 0
26.228640 8.255813 -376.515381 0
3.655867 -11.582377 -389.075958 0
-3.507996 18.863682 -392.160004 0
-10.554334 12.839062 -396.304779 0
18.522329 8.090738 -380.337585 0
8.437240 18.075232 -386.278656 0
25.418037 0.616219 -375.471252 0
-8.237594 10.010315 -397.253876 0
22.942451 18.443476 -383.424286 -1
11.937939 19.019747 -384.931305 0
2.640468 -9.815284 -389.676422 0
16.819231 5.615550 -381.264771 0
-6.350568 -10.418665 -393.200958 2
26.230507 6.777996 -376.542175 0
12.894398 4.894089 -383.380798 0
-2.988680 18.828772 -391.434265 0
12.409728 10.176918 -383.925415 0
-7.390697 -1.414984 -393.725861 3
9.183508 17.797585 -385.739502 0
20.844425 10.000572 -377.272766 0
6.934522 -11.018172 -387.143433 0
17.550283 -6.104203 -380.869812 0
14.378919 13.904059 -382.787231 0
-5.828524 4.242518 -392.735687 3
16.333401 -0.622249 -381.584106 0
6.477830 18.768721 -390.185852 -1
-4.036331 -0.384260 -393.579803 0
16.822226 -8.856511 -381.332611 0
16.820881 0.376274 -381.302155 0
20.126413 -7.289420 -377.711792 0
-15.892951 7.723633 -399.993713 4
-9.222807 -7.362157 -394.869843 2
-26.957657 12.585376 -404.828308 -1
8.259073 7.053863 -378.121704 -1
-15.847633 -0.911410 -398.853149 2
26.233177 -1.353367 -376.580536 0
-13.980592 -4.032416 -397.768036 2
14.624436 14.399883 -382.650391 0
-16.413666 8.245457 -399.912750 4
18.166456 18.188702 -383.342743 -1
2.376156 17.656975 -388.197693 0
5.425354 -5.457247 -388.032989 0
2.894961 4.718211 -389.573151 0
-15.095088 -12.159624 -399.681122 2
-13.519535 9.806548 -399.543091 4
-8.150267 3.731437 -393.042603 3
19.645117 -12.735859 -377.972473 0
-15.839516 -14.215154 -398.648865 0
13.641282 -4.636974 -383.197510 0
-8.693853 0.131093 -394.342346 3
-15.881103 14.256670 -399.695526 4
-16.932367 -6.145812 -399.789276 0
12.656620 11.931206 -383.785889 0
16.333284 12.362070 -381.581421 0
-22.980715 12.585838 -404.843140 -1
23.526390 -4.065211 -376.687988 0
25.979193 12.196627 -376.474701 0
20.692820 0.622048 -379.022552 0
16.819393 2.871176 -381.268433 0
17.063578 -9.849780 -381.144043 0
4.392790 3.670650 -386.639771 1
2.131972 7.531563 -390.046783 0
8.438252 12.768550 -386.325012 0
-13.984288 -15.228932 -397.873169 0
-3.504139 -11.661350 -391.728821 2
24.531258 -10.728418 -376.962402 0
8.685736 17.813150 -386.076904 0
-4.297896 7.864192 -393.923340 0
13.177000 17.982574 -384.298492 0
19.375896 19.143793 -387.441833 -1
16.335285 -10.361749 -381.628174 0
3.656098 -11.837728 -389.100555 0
9.632522 5.899367 -383.496124 1
7.153474 1.388663 -385.277252 1
13.827261 17.347946 -381.403564 0
10.429407 -13.479780 -385.093018 0
8.640323 -1.631560 -384.058350 1
24.708887 0.370951 -375.908081 0
-4.836274 -4.270902 -395.747620 0
20.690926 9.054030 -378.987823 0
17.530962 -12.570399 -380.450500 0
-8.237272 7.670428 -397.238342 0
-1.710239 4.750800 -392.264008 0
15.845856 -0.622735 -381.882324 0
25.929384 -5.776310 -375.752899 0
-16.654949 -14.242536 -399.416748 0
14.867662 2.880143 -382.459198 0
9.685488 9.212110 -385.604828 0
5.929443 10.532121 -387.753235 0
16.821939 10.357549 -381.326141 0
-15.319752 -13.695666 -398.714233 0
13.840169 17.114326 -381.759613 0
1.111685 0.641136 -390.653046 0
-5.880469 -4.535459 -396.235809 3
-7.181751 14.658980 -396.428833 0
0.344208 18.547546 -390.905701 0
10.678551 12.220276 -384.980774 0
-14.527572 8.215861 -398.477295 4
-10.901102 -4.049966 -399.499207 0
5.929121 9.262933 -387.732208 0
7.402543 1.136039 -385.105103 1
-7.397230 -14.825638 -394.073883 0
2.629713 18.921825 -388.089233 0
15.603306 -6.123415 -382.068542 0
20.455198 -1.362853 -379.220184 0
-4.567696 12.536405 -394.939941 0
4.918486 18.162863 -388.151398 0
-11.345927 12.334296 -396.751923 4
-17.458620 -13.211246 -399.846161 0
10.429094 -6.171703 -385.081482 0
-11.613536 7.146531 -397.015625 4
-7.399028 18.702415 -394.169678 0
17.063484 -4.612100 -381.141968 0
6.458891 17.950098 -389.045044 -1
10.037604 18.734114 -389.466400 -1
11.370139 -1.626187 -382.793640 0
-16.453604 -7.736653 -400.885803 0
-13.928725 -14.390450 -396.292328 0
12.164780 16.215214 -384.132080 0
5.424582 19.170277 -387.977814 0
11.359213 2.129139 -382.425781 1
-12.431287 -1.952300 -398.218414 0
-5.570300 -12.974075 -392.668030 0
6.432810 -8.745594 -387.474121 0
24.233665 8.002211 -376.176025 0
30.073986 12.009454 -394.609039 -1
-16.943192 15.316251 -400.044830 4
22.039654 10.721533 -376.581665 0
15.255425 19.069136 -385.930847 -1
21.799528 -2.832783 -376.694977 0
-10.552342 7.391674 -396.230011 0
2.131181 15.948495 -389.902100 0
3.893508 18.886374 -387.362091 0
17.231882 18.495871 -379.352844 0
-7.437172 17.502502 -396.201752 0
7.146550 -0.627663 -384.904358 1
1.111464 -8.304425 -390.575409 0
5.146170 2.907990 -386.157074 1
3.149010 15.929257 -389.431763 0
-15.341914 7.710064 -399.291016 4
25.667028 3.319312 -375.515656 0
22.508633 -3.813505 -376.174103 0
-5.306838 4.750106 -392.206665 3
1.366979 4.473670 -390.479828 0
25.181704 -6.019980 -375.614746 0
15.357162 -3.874304 -382.171387 0
-7.898794 19.177881 -393.340973 -1
-9.223547 2.198597 -394.901520 3
-15.317395 -14.997907 -398.652893 0
11.120068 2.131317 -382.817078 1
-0.679248 -13.156021 -390.441956 2
21.797338 -6.283162 -376.657104 0
0.597791 -14.136145 -389.289154 0
-3.767159 18.875086 -392.397125 0
1.366759 -2.425013 -390.416992 0
17.319233 17.591633 -381.275787 0
5.929029 -11.034756 -387.726135 0
-14.510078 -7.160029 -397.997437 2
15.357053 3.378120 -382.168701 0
16.088833 -8.365755 -381.712036 0
23.781454 -6.532456 -376.819702 0
7.185537 -6.202518 -387.004120 0
-5.872136 16.702444 -395.674347 0
25.417004 -4.788985 -375.455933 0
-11.059005 9.714300 -395.784668 0
6.153745 -14.517782 -385.890900 0
24.949087 -4.547665 -375.817108 0
-2.215745 7.034317 -390.781738 3
-12.148204 13.137604 -397.491119 4
14.706409 12.876481 -405.653503 -1
-1.968215 10.403349 -392.467560 0
-7.653419 -8.634481 -393.973419 2
6.149589 2.399327 -385.630249 1
22.274054 -0.613753 -376.374115 0
11.617131 -15.147831 -382.669800 0
16.578594 -9.359062 -381.474457 0
4.415773 -7.246428 -388.662689 0
19.970530 -4.095030 -379.451080 0
20.934357 -1.113760 -378.900452 0
18.572754 14.850936 -381.372986 0
-19.034897 12.872475 -405.527313 -1
-5.055579 -13.744170 -392.646179 0
18.520807 4.605978 -380.306366 0
-14.521221 -12.117700 -398.303101 2
7.937432 -13.784927 -386.583588 0
17.550608 5.111362 -380.876862 0
17.055950 -11.590482 -380.973694 0
18.283895 13.076084 -380.560455 0
3.910492 10.821980 -389.051849 0
10.182096 8.195881 -385.280243 0
13.920066 18.218153 -383.963470 0
-1.710483 -1.666657 -392.319885 0
5.928645 15.858465 -387.701050 0
6.304327 12.290204 -395.333649 -1
25.980228 10.472548 -376.489716 0
17.793690 5.607815 -380.739624 0
-2.484372 11.439751 -392.780487 0
0.597805 16.942780 -389.298035 0
16.335205 0.876049 -381.626282 0
15.048677 19.059824 -380.700562 0
25.664202 5.530264 -375.474274 0
-6.091776 -8.101321 -393.122040 2
-11.357988 18.325144 -397.173706 0
4.162966 13.614663 -388.829864 0
-16.178390 10.880347 -400.573608 4
-17.196203 -9.024580 -399.834625 0
1.110875 9.581358 -390.368286 0
-1.707005 16.783377 -391.522247 0
23.284170 1.111425 -376.761322 0
10.926090 -10.448335 -384.817200 0
-7.386983 2.705981 -393.528015 3
-6.134060 12.047246 -395.850800 0
14.866801 -5.628805 -382.437042 0
9.185968 -12.243592 -385.842834 0
0.344286 -11.127792 -390.995117 0
12.163415 -12.941955 -384.088959 0
18.278196 8.341909 -380.441864 0
15.112113 12.635694 -382.305328 0
19.729134 1.864950 -379.588959 0
26.799086 14.457023 -377.602692 -1
3.141603 -13.599588 -388.515717 0
11.362017 2.880602 -382.520203 1
23.021185 0.617902 -376.496613 0
1.877144 3.959658 -390.187195 0
4.668454 -5.209633 -388.503296 0
18.035194 -1.367715 -380.572876 0
-14.535394 9.263864 -398.691833 4
10.180526 -10.711374 -385.220825 0
18.712118 -9.053568 -379.134979 0
23.997967 -0.859975 -376.344086 0
25.181490 13.889207 -375.611572 0
10.924782 -5.663158 -384.771118 0
24.945999 2.337982 -375.770569 0
-3.510830 15.026500 -392.476837 0
20.061106 18.834000 -381.172089 -1
23.281153 -3.572451 -376.712494 0
-2.489606 14.039538 -393.608063 0
12.903014 5.399447 -383.636993 0
10.145830 -14.443182 -383.907989 0
1.111505 12.398312 -390.589569 0
17.792301 2.617842 -380.709930 0
-0.681358 -7.045926 -391.654877 0
13.887279 -10.149934 -383.059052 0
19.817141 18.340437 -381.282196 -1
17.486389 14.280696 -379.483215 0
-9.748112 -7.885401 -395.193359 2
15.290916 16.560869 -380.522827 0
-10.809347 -2.719763 -396.136627 3
14.005488 18.582748 -386.319672 -1
15.847008 -0.122953 -381.910095 0
-8.490765 7.404623 -396.924164 0
-3.246073 -10.118765 -391.552612 2
18.542767 16.571072 -380.757233 0
25.642887 17.898129 -382.493835 -1
3.148579 13.888673 -389.378479 0
-9.223764 -9.688709 -394.910828 2
25.662947 6.512753 -375.455933 0
-13.982739 18.355385 -397.829102 0
23.530785 4.069923 -376.758362 0
1.869042 -13.344918 -388.503113 0
0.344196 18.802713 -390.892548 0
7.937411 11.259237 -386.582581 0
17.063801 10.103323 -381.149048 0
-0.168117 -8.833212 -391.356018 0
5.427570 17.910719 -388.191559 0
6.935354 13.557240 -387.189880 0
-12.651716 -6.102165 -396.950012 2
4.668592 -9.531789 -388.514801 0
9.186564 9.470898 -385.867889 0
-10.045743 7.660495 -396.723938 0
-12.675523 10.281723 -397.696930 4
24.481775 14.157219 -376.202026 0
12.110474 4.131053 -382.417206 1
11.694669 5.554021 -377.087250 -1
0.088161 15.737076 -390.988403 0
22.273365 -14.405591 -376.362457 0
-16.121746 4.573245 -399.171082 4
-9.838854 -13.440077 -398.872131 0
4.644711 -0.377375 -386.527435 1
9.184977 -10.727512 -385.801208 0
21.036800 17.816746 -380.754669 -1
32.515404 12.878595 -405.720093 -1
-11.635534 -1.950090 -397.767639 3
0.855935 -4.472340 -390.721466 0
4.415049 17.420938 -388.599030 0
5.929659 -9.767198 -387.767364 0
-5.593689 -1.933172 -394.316803 3
-13.183194 -4.287595 -397.294403 2
11.173085 9.944218 -384.642212 0
-7.131641 -7.082048 -393.662750 2
-1.195535 10.904097 -392.003967 0
-11.058469 13.857510 -395.765472 0
-11.090166 8.962505 -396.899902 4
9.173945 -14.244819 -385.337830 0
-10.050901 13.638463 -396.927673 0
11.688318 18.519978 -385.014709 0
12.349282 1.627059 -382.055359 1
-0.167869 7.801428 -390.779419 3
16.334717 -10.860828 -381.614868 0
-1.710402 1.670694 -392.301300 0
23.463875 18.759739 -379.669128 -1
15.845754 -4.870923 -381.879852 0
5.146716 3.161018 -386.198029 1
25.454357 14.642010 -376.007751 0
1.106983 16.675285 -389.000702 0
18.277227 -3.856566 -380.421692 0
-17.464449 -10.598279 -399.979614 0
6.432551 11.031204 -387.458496 0
17.289192 -10.832357 -380.614471 0
-14.806353 13.186011 -398.955719 4
-16.152760 -10.597202 -399.938965 0
25.717403 -7.999894 -376.252655 0
-8.693990 18.710901 -394.348572 -1
21.568693 -6.288435 -376.973236 0
2.894909 13.895370 -389.566223 0
12.657237 15.950237 -383.804596 0
-6.345773 -0.383601 -392.904114 3
-10.036507 8.431558 -396.359192 0
-17.058615 18.819412 -396.635498 -1
9.185801 10.227558 -385.835846 0
-16.148216 13.214791 -399.826477 4
-30.139000 12.585007 -404.816437 -1
-7.401370 -5.803325 -394.294495 3
18.278362 -7.342174 -380.445312 0
-5.610384 11.259970 -395.493652 0
-31.199406 12.584884 -404.812469 -1
12.410628 8.921403 -383.953247 0
12.161860 -4.144553 -384.039856 0
8.188026 14.543209 -386.458984 0
16.334221 1.375421 -381.603271 0
-15.336005 3.528111 -399.137207 0
-9.278601 14.429707 -397.258636 0
-15.542276 18.610844 -397.725006 -1
18.680794 -13.001326 -378.500305 0
9.185939 -10.476150 -385.841614 0
-14.271383 8.479489 -398.612366 4
5.929581 -6.214668 -387.762238 0
12.347128 2.626635 -381.988708 1
25.950769 -10.456729 -376.062805 0
17.793697 0.375719 -380.739807 0
7.652935 1.387703 -385.010803 1
22.272980 12.192780 -376.355957 0
1.111632 2.941705 -390.634125 0
-12.914763 -3.765249 -397.042908 2
14.070057 -13.343953 -381.212677 0
-0.422467 -14.398757 -389.502045 0
18.737448 19.011024 -384.754791 -1
15.291587 -13.071372 -380.539520 0
13.394837 8.405200 -383.328308 0
8.645044 0.630657 -384.268188 1
-0.424669 5.510579 -391.533081 0
26.563236 -7.290471 -377.766266 -1
13.887682 -11.403592 -383.070190 0
0.856138 14.962837 -390.814026 0
11.661765 6.663390 -384.140045 0
-18.876659 -14.692172 -419.728882 -1
-4.567502 12.277442 -394.923126 0
-10.019432 -3.752371 -395.684906 3
18.486435 18.760290 -384.776123 -1
22.274651 -6.771204 -376.384216 0
20.549648 18.824074 -380.971161 -1
19.246117 2.612073 -379.870941 0
22.509956 12.433780 -376.196228 0
-9.221514 18.733007 -394.814484 0
2.639932 16.445913 -389.597260 0
15.846917 7.124495 -381.907898 0
4.920538 -13.084294 -388.313263 0
25.183184 -1.595784 -375.636810 0
26.770023 15.428653 -377.193207 -1
20.477991 15.031988 -379.642700 0
7.937944 14.801824 -386.608521 0
-5.349253 13.325256 -395.341400 0
-13.722477 -11.062231 -397.838928 2
23.027742 -11.950420 -376.603882 0
19.727276 4.100114 -379.553192 0
4.415804 9.793897 -388.665466 0
24.128679 18.836121 -386.331421 -1
-2.484066 11.181350 -392.732208 0
-4.567006 14.343315 -394.880249 0
-0.169408 40.130512 -394.360565 -1
18.438965 -14.987750 -378.625763 0
16.781610 -12.071259 -380.411957 0
9.533103 19.255430 -389.701202 -1
-1.452769 2.183139 -392.125122 0
-13.450067 -2.989164 -397.490112 2
20.123655 -13.713860 -377.660004 0
-12.675268 -2.730421 -397.688934 2
-7.126023 0.130764 -393.352692 3
-8.185135 -13.558607 -394.724091 0
-0.937285 8.838135 -391.392212 3
10.137841 18.703222 -383.605652 0
23.281483 4.809033 -376.717865 0
5.147164 4.424999 -386.231628 1
10.632106 18.939459 -383.306366 0
20.843996 -7.033924 -377.264984 0
-2.728736 7.548584 -390.928223 3
19.970100 5.837016 -379.442932 0
15.847012 -2.372175 -381.910187 0
9.684407 11.734112 -385.561798 0
-0.933800 7.529443 -389.936981 3
0.344292 6.270686 -391.001556 0
1.622152 7.792497 -390.332092 0
19.246309 6.092241 -379.874786 0
-13.179491 -7.145374 -397.182800 2
7.435417 -11.515080 -386.815308 0
23.285347 6.782284 -376.780365 0
24.008417 14.415112 -376.508026 0
-16.111765 -4.305181 -398.923950 2
-16.945988 11.915072 -400.110840 0
13.639470 10.406997 -383.146637 0
18.196341 17.967360 -383.973358 -1
25.459829 19.509918 -379.763336 -1
-13.722009 2.735531 -397.825348 2
23.759148 2.342310 -376.466248 0
25.700480 19.503759 -379.643433 -1
-12.145363 5.073029 -397.398163 2
1.873738 18.224991 -389.479095 0
-0.424662 1.667394 -391.526459 0
15.600589 19.182697 -388.229218 -1
25.007160 -10.227721 -376.691864 0
0.856111 3.198698 -390.801605 0
21.036703 18.065821 -380.752899 -1
21.559027 -15.162219 -376.804291 0
8.478445 18.671520 -388.165131 -1
19.728758 2.610084 -379.581696 0
-14.779743 -0.649407 -398.238708 2
-3.001778 3.475185 -393.149658 0
-9.016118 15.465665 -397.159271 0
14.378792 -7.136820 -382.783844 0
16.579023 3.122436 -381.484344 0
24.233652 -14.398447 -376.175812 0
7.673637 -14.523854 -386.052307 0
2.122194 -14.352766 -388.257935 0
18.228046 17.256727 -379.398071 0
10.878378 18.931076 -383.136749 0
-5.846760 3.740189 -393.964478 3
25.246431 15.403580 -376.580231 0
24.234507 -4.059827 -376.189087 0
19.163332 -15.219871 -378.237000 0
23.027882 13.679542 -376.606140 0
11.668914 -4.651228 -384.375519 0
-6.610903 -10.423027 -393.365601 2
11.669961 12.956805 -384.410004 0
23.995893 8.005095 -376.311584 0
7.647721 -2.893346 -384.748505 1
-16.163511 -9.818601 -400.205200 0
8.398803 -3.394861 -384.518921 0
-5.358082 -4.791820 -395.993896 0
-7.124249 -0.898617 -393.254730 3
8.391649 -2.386344 -384.191376 1
-6.091274 -9.901259 -393.089722 2
3.656244 7.004335 -389.116089 0
-12.669254 11.056984 -397.500244 4
18.761404 11.071410 -380.133606 0
20.239096 14.790715 -379.826477 0
21.836231 13.952720 -377.329163 0
-6.610704 -9.907908 -393.353699 2
-14.786513 3.000345 -398.421112 2
15.848620 17.872631 -381.948944 0
0.088214 7.042253 -391.222595 0
16.500759 18.795290 -385.493958 -1
22.035246 9.980256 -376.506317 0
3.655954 -12.346479 -389.085236 0
19.488941 4.350784 -379.753784 0
-6.138926 9.982871 -396.164795 0
-11.615608 14.683296 -397.086426 4
2.640747 12.115610 -389.717529 0
-17.462654 16.620735 -399.938538 0
6.986795 18.762749 -390.061737 -1
16.505342 -14.785268 -379.788940 0
7.436261 -13.035299 -386.859192 0
-2.484615 1.929950 -392.818939 0
17.957003 -15.247470 -378.922882 0
6.683373 -11.782508 -387.285492 0
14.086020 18.943853 -388.541016 -1
-10.554535 14.654673 -396.312378 0
2.386235 12.884866 -389.844299 0
-17.461876 11.647711 -399.920715 0
-2.226022 11.691232 -392.594269 0
21.795832 -5.296891 -376.631073 0
4.392558 -0.377465 -386.619415 1
17.306913 -2.117229 -381.004578 0
19.731703 10.063279 -379.638367 0
4.668406 -9.785636 -388.499359 0
26.636065 19.072241 -385.993683 -1
13.150582 -10.162361 -383.528046 0
-13.508246 -12.667743 -399.209503 2
5.677972 -4.440342 -387.926056 0
18.761345 3.111370 -380.132385 0
19.245737 -3.353759 -379.863495 0
-12.968041 -11.868305 -398.680847 2
11.128669 18.177809 -383.113159 0
-16.940199 16.360481 -399.974152 0
-11.059576 13.340885 -395.805115 0
-3.786931 13.553555 -394.456543 0
-7.707696 11.555871 -396.767426 0
-17.190592 -13.468112 -399.704163 0
19.089403 19.110518 -381.713104 -1
23.924685 18.426203 -383.065216 -1
-9.215963 1.938587 -394.576813 3
29.700464 19.255766 -389.707947 -1
-13.179319 1.431556 -397.177643 2
24.708706 4.552676 -375.905334 0
10.926046 14.733180 -384.815613 0
-8.751309 15.197704 -396.948517 0
12.411494 16.460064 -383.980042 0
24.946903 -0.366886 -375.784180 0
27.464497 12.877995 -405.701202 -1
5.402958 18.588116 -386.431244 0
-13.471910 11.335189 -398.135651 4
-10.006342 -0.385811 -395.167938 3
-0.168057 9.602162 -391.215881 3
6.148579 3.155852 -385.566925 1
15.896049 18.176804 -383.091980 0
16.089310 -3.869762 -381.723358 0
11.916426 10.436631 -384.237671 0
18.922085 18.695417 -378.367371 0
16.333256 1.125642 -381.580719 0
4.921866 -3.175114 -388.418091 0
16.752666 19.046852 -385.479858 -1
5.146940 -0.124339 -386.214844 1
-5.340661 -1.418508 -394.706421 3
-6.865446 2.960922 -393.186066 3
-10.789080 -1.679716 -395.393890 3
-10.273293 -8.926282 -395.479523 2
-13.089769 41.175110 -394.478912 -1
0.344223 19.060017 -390.923553 0
-12.663090 6.111819 -397.306854 2
11.188717 18.779999 -385.180359 0
14.317855 18.334637 -381.161621 0
10.678587 10.204928 -384.982086 0
-10.880431 -4.564142 -398.741669 0
-12.415092 16.787935 -397.699615 4
-4.829254 15.646916 -395.173126 0
-4.816071 -1.416309 -394.094360 0
22.757141 -10.460785 -376.208710 0
2.640767 4.719995 -389.720489 0
-11.347430 16.490490 -396.804504 4
7.186736 18.618778 -387.068695 0
19.004408 -4.598445 -380.013489 0
7.148187 -1.887459 -384.992493 1
23.676094 18.177328 -383.103058 -1
-15.579276 -5.867752 -398.671844 2
14.133297 -5.134846 -382.926086 0
19.247021 -4.099754 -379.888794 0
-6.092295 18.911570 -393.155579 0
-8.428573 -4.767896 -394.016846 3
-12.148663 10.016671 -397.506134 4
21.797569 17.625196 -376.661133 0
20.211388 1.863562 -379.306488 0
8.594222 12.875755 -405.630646 -1
-3.241771 4.991783 -391.033661 3
-13.250294 -12.671140 -399.316559 2
10.676599 -5.665208 -384.910431 0
-15.811054 18.620556 -397.932526 -1
17.800318 16.077995 -380.881409 0
9.633360 -1.378340 -383.529480 1
-1.447349 15.723944 -390.662170 0
1.366832 0.385289 -390.437927 0
-1.190216 -14.937523 -390.259766 0
-4.284781 -14.003786 -392.721252 0
8.187615 -7.457857 -386.439606 0
7.434784 17.592598 -386.782349 0
18.599682 19.121174 -381.925934 -1
13.508024 18.341707 -386.567474 -1
-17.199173 16.095911 -399.903687 0
22.034096 7.269727 -376.486694 0
27.421892 18.838396 -386.378113 -1
22.512871 8.988502 -376.244934 0
-13.467326 8.206024 -398.000183 4
-12.409410 9.756833 -397.517578 4
-7.915100 -7.090867 -394.153015 2
28.698751 19.523987 -389.971741 -1
-3.757180 4.739823 -391.357666 3
21.798475 8.505841 -376.676758 0
-5.090188 -2.196858 -395.334106 3
-0.424679 12.428552 -391.542206 0
14.074602 19.091629 -381.335846 0
-0.169412 40.905808 -394.371307 -1
-15.847936 -4.304500 -398.860779 2
-12.650694 -8.439280 -396.917908 2
19.970028 -2.853437 -379.441528 0
17.959505 -13.513643 -378.975708 0
23.759644 -4.555616 -376.474121 0
-10.039363 8.693400 -396.472015 0
-4.571356 9.701334 -395.256439 0
-5.583507 18.675337 -393.598999 0
25.946913 19.439960 -383.283691 -1
-0.423046 16.209213 -390.036255 0
24.487705 14.406887 -376.293182 0
19.970272 -5.833085 -379.446167 0
-8.750413 8.183502 -396.907837 0
6.432218 7.988261 -387.438446 0
14.622475 -9.136289 -382.599060 0
-32.259792 12.584761 -404.808502 -1
-13.713072 -6.892114 -397.566254 2
13.396358 -5.140823 -383.371887 0
23.022108 -5.295213 -376.511719 0
7.645353 5.161721 -384.629364 1
4.643973 2.910317 -386.466064 1
-10.799908 -8.415312 -395.790680 2
18.346729 18.368629 -381.868317 -1
10.173776 18.265694 -384.965424 0
16.820049 3.869301 -381.283325 0
-15.091677 16.344801 -399.590790 4
14.622831 13.647191 -382.608368 0
21.173006 7.065204 -378.729614 0
-10.333007 4.296990 -397.778259 0
0.852737 -15.408763 -389.261566 0
-3.001639 -0.126566 -393.131470 0
-12.674704 14.704921 -397.671265 4
-11.329693 -9.201443 -396.184265 2
12.755428 18.858091 -386.782043 -1
19.970358 -4.839902 -379.447815 0
5.694820 18.969992 -389.077148 -1
-14.788350 -11.601296 -398.470642 2
-17.127079 18.373762 -398.227417 -1
18.060797 16.337170 -381.113129 0
12.885298 1.631552 -383.110260 1
-9.277865 4.550973 -397.227142 0
10.127432 -0.374138 -383.211792 1
15.357470 11.381073 -382.179047 0
9.932423 -7.689697 -385.385284 0
19.246252 3.606414 -379.873657 0
15.601385 6.876628 -382.021515 0
32.264896 12.515927 -402.594360 -1
-6.095414 -12.996834 -393.356842 0
-8.943213 18.949678 -393.947815 -1
16.761923 -12.305737 -379.965637 0
19.487577 3.853510 -379.727264 0
-12.929726 0.132144 -397.502930 2
-13.980299 1.433654 -397.759674 2
-9.475388 0.647641 -394.616577 3
0.600257 -6.264874 -390.894836 0
-14.263806 3.782305 -398.400726 2
-13.980000 18.612068 -397.751190 0
0.087831 -15.164315 -389.525513 0
-11.581548 6.090517 -395.922119 0
22.753584 -6.520845 -376.149902 0
21.802317 17.382502 -376.743134 0
23.768059 14.418919 -376.607422 0
-15.076482 10.320284 -399.188446 4
18.681593 -13.497268 -378.516510 0
3.909771 -1.907009 -388.980133 0
-12.674367 9.500125 -397.660675 4
15.115118 15.640869 -382.381378 0
-35.233891 12.870552 -405.466736 -1
-7.706626 13.890664 -396.712341 0
-8.691860 -2.190844 -394.251953 3
13.148257 -10.913347 -383.460205 0
-6.133223 13.340605 -395.796814 0
-17.197716 11.646228 -399.869812 0
-13.211973 17.328537 -398.161682 4
-8.234602 3.510188 -397.109589 0
11.873663 -0.874861 -382.858765 1
22.277855 13.919779 -376.438324 0
8.767237 19.000341 -389.699615 -1
12.903079 5.901563 -383.638916 0
12.655508 6.405543 -383.752167 0
15.357908 -5.375071 -382.189941 0
-16.940895 8.247063 -399.990631 4
-3.517490 2.446557 -393.221313 0
-8.233009 14.681312 -397.032806 0
19.182371 17.948584 -383.572083 -1
-12.391433 2.729455 -396.941742 2
15.602222 9.876993 -382.041992 0
-10.057291 13.907039 -397.180023 0
-16.943134 10.604169 -400.043518 0
5.173709 13.593432 -388.223511 0
0.087843 -12.107205 -389.578644 0
-7.134412 -14.815925 -393.815735 0
-12.412522 13.922350 -397.617310 4
13.149531 -1.378225 -383.497375 0
-6.402021 9.210304 -396.386719 0
21.615658 -2.346608 -377.794067 0
-0.938355 -4.997953 -391.839020 0
20.606050 10.004826 -377.433228 0
-12.962000 -14.209673 -398.495117 0
20.442062 9.797744 -378.976654 0
-0.168134 -0.638250 -391.396576 0
22.755913 3.325258 -376.188385 0
-3.258975 -2.441734 -393.108917 0
21.825821 20.506905 -409.604523 -1
17.814987 16.839584 -381.195343 0
-2.224904 18.361528 -392.396973 0
27.944855 18.514133 -379.727417 -1
-2.733840 -11.146697 -391.659393 2
10.426590 17.762959 -384.989014 0
-8.748691 18.049597 -396.829712 0
13.149152 -12.419759 -383.486328 0
-2.216928 14.713734 -390.990387 0
-11.340446 1.169831 -396.560272 3
25.420679 0.124832 -375.510254 0
6.898688 -2.140225 -385.142853 1
-2.484164 -1.411469 -392.747681 0
21.322596 15.173571 -376.988129 0
15.600986 -4.372645 -382.011749 0
-3.768636 7.066164 -392.550964 0
-4.556632 1.677856 -393.983246 3
-13.712010 -6.631442 -397.535461 2
3.887862 4.431516 -386.800446 1
4.162883 14.123264 -388.822083 0
20.934502 7.316386 -378.903076 0
5.928085 18.901112 -387.664398 0
0.344375 12.414393 -391.096130 0
12.601582 -14.875898 -382.116974 0
10.376048 2.383726 -383.122864 1
14.866541 6.133226 -382.430359 0
23.286278 -0.861006 -376.795410 0
4.667181 17.411900 -388.397400 0
0.855514 10.096410 -390.529022 3
25.182520 -4.053760 -375.626923 0
-12.651379 -4.803261 -396.939423 2
-15.341397 18.422215 -399.277557 0
22.051420 4.563303 -376.782715 0
18.451555 -11.278983 -378.884308 0
14.589923 -12.363440 -381.747345 0
-11.396651 -2.996952 -398.525696 0
-1.710455 11.682871 -392.313477 0
-13.187656 -0.648087 -397.428864 2
-5.591259 -1.674412 -394.145447 3
20.363998 10.501469 -377.529388 0
12.902564 -3.889026 -383.623596 0
-16.154232 -10.336434 -399.975433 0
-2.742782 10.673016 -392.940460 0
3.909926 15.402315 -388.995575 0
-0.424685 11.916282 -391.547546 0
0.600381 3.455968 -390.975708 0
4.141321 3.925367 -386.808136 1
-0.935037 15.715547 -390.453522 0
17.552311 7.853734 -380.913788 0
-4.295015 6.828513 -393.659271 0
-2.995036 19.125505 -392.266724 0
18.200891 14.008323 -378.832855 0
-11.345471 15.189567 -396.735992 4
-15.601507 6.925330 -399.240723 4
11.363107 -0.874172 -382.556885 1
8.145161 6.165388 -384.435822 1
-2.742131 0.644737 -392.847260 0
22.759556 -12.923981 -376.248596 0
3.656408 9.551050 -389.133484 0
-6.580611 4.998542 -391.563110 3
10.868770 -13.900447 -382.798370 0
14.132223 2.382321 -382.897003 0
0.600279 7.804019 -390.909210 0
-9.212340 40.652935 -394.421692 -1
17.308537 -8.849723 -381.040344 0
-4.815851 17.666489 -394.076355 0
-3.505410 16.541895 -391.870972 0
24.474997 1.847798 -376.097870 0
3.148655 10.831327 -389.387848 0
-1.705232 6.016578 -391.115601 3
26.502735 18.623203 -376.905853 -1
16.339163 -11.363360 -381.718719 0
15.358253 -8.126316 -382.198547 0
10.927502 15.994385 -384.866913 0
16.954638 17.984243 -384.334198 -1
0.600255 -8.055403 -390.893829 0
25.660467 12.899446 -375.419678 0
18.037285 -7.096420 -380.617004 0
-3.258579 2.702770 -393.061035 0
-14.795154 -8.997932 -398.653961 2
21.547644 19.270226 -390.000641 -1
25.674208 19.051298 -375.620697 0
-4.029834 -5.783483 -392.946320 0
9.945349 19.066959 -385.886841 0
26.201965 -6.028277 -376.132477 0
15.600275 3.876516 -381.994324 0
24.471313 -0.367137 -376.041290 0
-16.403559 6.409651 -399.666504 4
16.821096 4.119060 -381.307068 0
25.481583 -11.697951 -376.409912 0
-13.450123 -2.729067 -397.491760 2
8.391574 -1.632111 -384.187958 1
-3.519152 8.883634 -393.407104 0
-0.938425 11.413175 -391.868011 0
10.431541 16.007057 -385.171844 0
12.902590 -4.893174 -383.624359 0
10.180881 10.715790 -385.234283 0
-3.503630 -14.991576 -391.671997 0
20.986250 12.552659 -403.775909 -1
11.174684 -11.200291 -384.697266 0
-15.338670 13.455535 -399.206604 4
-6.085496 0.644523 -392.716827 3
17.306389 -9.097938 -380.993042 0
3.148989 -3.693046 -389.429169 0
2.894693 -9.047062 -389.537109 0
11.124465 -14.658440 -382.968445 0
26.231970 4.560644 -376.563171 0
21.832592 -14.440186 -377.266296 0
26.414291 17.743082 -379.180420 -1
-8.213251 18.533867 -396.079956 0
8.937501 16.295238 -386.027802 0
20.454941 -2.107286 -379.215393 0
26.763151 -11.719284 -377.096375 -1
23.029762 6.779702 -376.636902 0
21.211405 18.718300 -383.914886 -1
-9.222936 -2.452706 -394.875366 3
2.386268 -8.799211 -389.849640 0
-10.537521 7.899132 -395.673492 0
-1.963871 -9.863770 -391.601349 0
1.361652 -12.851497 -388.958130 0
29.917728 18.311201 -385.924561 -1
-15.266683 -14.428240 -397.333038 0
7.466195 17.921095 -388.416443 -1
7.653397 1.135829 -385.034058 1
-0.934806 -13.408604 -390.357147 2
-7.650824 -1.157674 -393.839844 3
0.600058 9.335399 -390.765503 3
8.143800 4.152165 -384.371613 1
2.386456 11.100156 -389.880371 3
-36.251968 12.949592 -407.956757 -1
6.683645 9.252638 -387.301239 0
19.651175 -9.276004 -378.089020 0
-5.871976 15.407421 -395.663544 0
-9.806107 4.294465 -397.544525 0
8.686432 12.256052 -386.107880 0
-4.279941 16.815756 -392.277618 0
10.926986 -4.405118 -384.848755 0
-14.244262 -4.814339 -397.854858 2
-10.037892 10.507957 -396.413910 0
6.648593 -0.376147 -385.270081 1
-3.001117 18.392696 -393.063080 0
10.746666 18.636469 -387.436462 -1
28.438349 19.265446 -389.903870 -1
20.211937 4.345777 -379.316803 0
-16.119768 3.527978 -399.122131 0
17.238173 -12.042043 -379.491272 0
-13.724059 6.641443 -397.884766 2
7.436958 12.027877 -386.895477 0
12.315440 18.706364 -388.889526 -1
-16.689985 12.181344 -400.257019 0
10.924753 17.752855 -384.770081 0
4.901244 -2.149382 -386.790649 0
5.397648 6.191298 -386.051392 1
19.173063 -9.531983 -378.429077 0
23.285549 12.946312 -376.783630 0
16.335005 3.623009 -381.621582 0
-14.521650 15.250017 -398.314850 4
19.029200 15.066298 -380.509247 0
2.385356 -12.621017 -389.700562 0
20.841417 -13.944663 -377.218292 0
-6.324130 4.998554 -391.564056 3
-4.814416 0.388763 -393.958923 0
14.132886 8.396137 -382.914978 0
-2.742040 2.701211 -392.834198 0
4.392710 1.393549 -386.632812 1
-5.349514 13.584623 -395.360718 0
31.368904 12.010397 -394.639984 -1
-15.054915 -11.605570 -398.617401 2
25.418159 0.370521 -375.473053 0
18.521116 -3.855461 -380.312683 0
22.272814 -0.121164 -376.353149 0
-13.606428 40.658375 -394.474457 -1
-12.913731 -10.779420 -397.011200 2
8.686825 -10.736525 -386.125305 0
-10.312665 -12.337693 -396.995178 0
6.225621 19.289865 -390.398102 -1
-15.070699 7.966247 -399.035339 4
-16.189611 14.035592 -400.851440 4
16.091299 9.869976 -381.770538 0
19.969879 -3.101712 -379.438721 0
12.904603 10.923748 -383.684235 0
-3.517911 -3.986800 -393.268372 0
-9.802708 12.874761 -397.406708 0
3.545543 12.875156 -405.611755 -1
23.038380 18.616877 -376.777832 0
22.053057 -0.367888 -376.810638 0
15.601378 15.626142 -382.021332 0
20.934834 2.109560 -378.909119 0
-3.504911 -10.638339 -391.815094 2
7.656584 5.673429 -385.194397 1
13.673833 17.973843 -384.111908 0
22.047573 19.106901 -376.716980 0
24.945801 1.354387 -375.767578 0
26.236837 10.722996 -376.633057 0
19.755293 15.049787 -380.092255 0
-5.830580 19.155123 -392.874207 0
4.894202 6.446986 -386.234955 0
19.002075 11.066554 -379.966888 0
16.576330 14.852859 -381.422363 0
-12.393214 19.096436 -396.998779 0
7.148707 4.159175 -385.020508 1
0.344203 13.942948 -390.900116 0
8.188451 12.773641 -386.479034 0
16.509415 18.770288 -379.882660 0
22.275297 8.006872 -376.395111 0
-6.130079 16.957914 -395.593872 0
10.428224 -5.667253 -385.049347 0
12.161947 -3.139347 -384.042603 0
-2.984896 7.037141 -390.938568 3
4.895082 -0.629946 -386.304352 1
22.514935 8.743097 -376.279419 0
25.242893 -8.252128 -376.527466 0
19.244293 -0.122285 -379.834991 0
19.708122 -11.784186 -379.184723 0
5.173780 12.831473 -388.228821 0
3.656327 -7.255045 -389.124878 0
4.905052 2.155113 -387.091156 1
-15.857592 17.369539 -399.103821 4
17.367023 19.167521 -387.922028 -1
20.468500 -10.303064 -379.466797 0
5.658706 18.343716 -386.609772 0
18.212784 -11.036757 -379.080353 0
17.976990 15.020186 -379.344666 0
11.916657 14.208455 -384.245117 0
2.895182 15.681311 -389.602936 0
20.124847 -14.950407 -377.682404 0
17.080544 17.852699 -381.523010 0
2.629019 -14.342743 -387.986816 0
16.749668 15.779154 -379.687866 0
-4.795742 -15.277422 -392.430908 0
18.764257 -0.619978 -380.191376 0
11.420970 -5.156017 -384.504913 0
-12.123102 3.246729 -396.669769 2
-1.710589 2.441100 -392.344208 0
4.163315 12.343490 -388.862457 0
-13.087675 40.136131 -394.415802 -1
-3.258523 1.931106 -393.054321 0
-4.296188 -2.961164 -393.766724 0
22.275587 14.903594 -376.400024 0
-13.206318 10.549769 -397.991272 4
10.180666 -11.215689 -385.226135 0
18.521290 7.094802 -380.316254 0
3.148508 7.263694 -389.369659 0
-12.147110 12.096077 -397.455322 4
-5.841312 0.130845 -393.597321 3
7.398235 -0.375767 -384.880951 1
8.947847 18.590204 -386.474670 0
-17.194948 -6.930932 -399.805481 0
23.997097 9.729332 -376.330475 0
19.973557 7.824761 -379.508575 0
-4.046755 14.591216 -394.596283 0
14.623947 -3.378251 -382.637573 0
-0.678606 7.532070 -390.072998 3
-0.168098 6.787795 -391.311920 0
-5.076591 -0.642949 -394.278137 0
0.088221 -3.198311 -391.255890 0
-15.292743 15.759293 -398.011292 4
14.131901 -1.877143 -382.888275 0
-14.271770 14.218421 -398.623199 4
24.768524 15.166619 -376.815399 0
6.202023 18.707748 -388.918304 -1
25.375383 18.822292 -386.047791 -1
20.142326 12.246381 -378.010437 0
-0.168140 -8.322155 -391.409302 0
-12.932082 -0.127997 -397.575378 2
15.113268 -4.126149 -382.334564 0
29.171658 18.662445 -382.769318 -1
-14.521249 3.781386 -398.303864 2
0.855873 -6.517303 -390.693207 0
9.684125 -10.468248 -385.550568 0
18.934454 17.700708 -383.639832 -1
1.615875 -12.592555 -388.821747 0
-5.839613 2.963157 -393.482880 3
0.088216 11.138619 -391.231323 0
-6.610151 -9.649700 -393.320862 2
-13.209779 10.292029 -398.095581 4
-17.793646 19.290348 -395.647705 -1
-8.695878 -5.289164 -394.434204 3
-6.913331 17.490431 -395.928467 0
22.758488 -2.090702 -376.230957 0
20.210615 -0.370311 -379.292023 0
11.422308 13.968087 -384.549957 0
19.877747 12.956352 -408.169739 -1
-9.541606 17.294270 -397.374329 0
-12.121762 -10.768960 -396.625946 2
9.932183 -6.176423 -385.375946 0
8.890392 -0.123624 -383.993073 1
-12.936360 -1.169041 -397.706879 2
14.134202 -8.643495 -382.950623 0
17.551731 -0.122629 -380.901245 0
-5.871901 17.219595 -395.658508 0
-4.044570 40.132816 -394.383209 -1
16.580805 -11.607265 -381.525330 0
2.640675 -9.306023 -389.707001 0
-19.566088 12.872412 -405.525330 -1
2.131902 -9.058604 -390.034088 0
25.180861 9.464718 -375.602173 0
12.656424 -12.680405 -383.779907 0
-15.846938 -4.043239 -398.835632 2
25.182913 6.270015 -375.632782 0
0.852556 16.682930 -389.179047 0
-12.926470 -11.570208 -397.402832 2
21.327532 10.488839 -377.075378 0
6.897103 0.379976 -385.054352 1
-2.742394 11.185696 -392.884857 0
-17.462683 10.339692 -399.939178 0
10.427631 -4.407164 -385.027466 0
13.887260 -10.651251 -383.058533 0
17.715199 -14.012750 -379.060120 0
-13.724745 6.121015 -397.904694 2
-9.280495 12.352570 -397.339722 0
-11.865034 0.131886 -396.729065 3
16.578730 -1.370966 -381.477570 0
23.283316 17.875774 -376.747498 0
14.135077 -11.901958 -382.974335 0
21.628189 6.557110 -378.013092 0
21.655418 -1.112551 -378.489014 0
-9.275200 5.329251 -397.113007 0
24.469881 10.213404 -376.019257 0
-9.280130 11.832085 -397.324127 0
-0.423779 -14.187825 -390.712341 0
-9.796609 9.488151 -397.159454 0
22.754520 9.232756 -376.165375 0
-10.307247 12.075726 -396.786591 0
-3.500510 6.275845 -391.323212 3
-9.207322 -1.932633 -394.206848 3
2.894812 5.992542 -389.553070 0
-23.245852 12.585807 -404.842163 -1
-3.505358 -11.921836 -391.865143 2
-13.990462 -11.328542 -398.048828 2
10.676821 -9.695438 -384.918427 0
25.182713 0.124872 -375.629791 0
12.845675 -14.118920 -381.932159 0
-13.496509 3.786690 -398.862610 2
19.882307 -13.223613 -377.774811 0
-11.064227 -8.937388 -395.971558 2
9.185674 11.994768 -385.830475 0
-5.564995 5.777997 -392.294006 3
-4.275255 4.745763 -391.848114 3
-18.115276 18.837494 -397.016571 -1
2.894791 3.953195 -389.550323 0
14.867015 -4.627838 -382.442535 0
23.531799 0.864911 -376.774597 0
-1.452798 11.420894 -392.133026 0
-6.920652 12.840454 -396.347778 0
-13.186762 -0.387992 -397.401917 2
-6.087362 0.130593 -392.837189 3
-2.217682 -10.107673 -391.123383 0
16.823256 9.609708 -381.356018 0
-13.181296 1.951657 -397.237183 2
14.867410 11.389223 -382.452728 0
21.082273 16.905733 -377.106628 0
-5.088544 10.993180 -395.206482 0
