10.110374 1.927351 -392.289917 1
0.604717 -6.569118 -393.799316 0
21.434578 24.280487 -392.609039 0
29.661741 0.901180 -392.574097 0
-5.356266 -13.856656 -395.859711 -1
4.218939 21.791456 -394.057800 0
11.703226 -1.931656 -394.007507 0
20.479328 -0.900372 -394.022705 0
24.599255 -1.673225 -393.865936 0
16.608479 18.954149 -394.040802 0
-19.238083 -0.126648 -393.386261 0
12.220747 14.055311 -394.050293 0
-15.109553 10.423919 -393.243561 4
23.001127 16.847149 -393.009918 0
-6.628496 40.651974 -394.412384 -1
16.588537 -8.110505 -393.567657 0
22.027613 16.374617 -394.016266 0
-4.557282 10.445017 -394.039459 0
17.895651 12.876859 -405.665436 -1
17.381432 1.935796 -394.008942 0
24.055758 23.815531 -393.416412 0
8.054096 7.061028 -392.265594 1
14.801419 15.343996 -394.034790 0
24.315695 21.757980 -393.452454 0
14.026426 -2.189536 -394.016602 0
15.553044 22.273340 -393.459991 0
10.929375 -1.931734 -394.023438 0
-14.825221 -13.226569 -392.535675 0
-4.060207 -13.340198 -395.907928 -1
25.599796 22.783781 -393.382263 0
8.825257 3.467485 -392.278564 1
-4.041037 11.218545 -394.038666 0
18.415049 1.162382 -394.035095 0
3.702576 13.539482 -394.046967 0
-12.585334 12.534097 -394.867249 0
5.767613 16.891752 -394.050446 0
27.779558 21.930372 -426.877808 -1
-12.843319 13.308574 -394.846497 0
12.994029 -1.931703 -394.017120 0
16.091923 1.935915 -394.032989 0
-13.026324 -17.080925 -392.566895 0
-18.979877 -0.126645 -393.375580 0
-2.740149 9.635233 -392.563293 3
17.381313 -6.572570 -394.006256 0
-9.736892 17.179556 -394.738525 0
-9.707221 -5.534635 -393.535645 0
22.027845 8.639645 -394.020447 0
11.962195 0.646688 -394.036255 0
29.465544 9.655474 -393.387970 0
11.445285 14.569644 -394.012909 0
-5.073671 9.413897 -394.051331 0
6.539841 1.419818 -393.921021 0
12.734038 22.559372 -393.958710 0
20.995712 14.054440 -394.025879 0
-14.831210 10.666329 -392.694275 4
0.860396 -8.864850 -392.757782 2
-9.997948 10.466142 -394.836456 0
11.146402 25.049158 -392.576569 0
3.444398 16.891335 -394.040680 0
-21.355709 8.906560 -394.422394 0
24.351671 9.413497 -394.034576 0
-1.459869 -1.416119 -394.041595 0
3.175187 -10.147616 -392.669006 2
7.315793 14.054214 -394.019531 0
-5.342299 14.083033 -394.827484 0
5.251387 19.470423 -394.052338 0
-10.774783 4.523967 -394.869934 0
19.444941 -0.384654 -393.983063 0
19.189474 13.281281 -394.036713 0
17.381687 12.764871 -394.014740 0
12.680070 8.601682 -392.289062 1
-7.143116 40.123962 -394.296204 -1
19.959780 18.950115 -393.956909 0
-8.451945 6.336566 -395.109436 -1
16.606918 21.014986 -394.003754 0
-0.425444 -11.933458 -392.247162 0
-15.361967 8.362459 -393.110931 4
-6.592466 3.980780 -392.268524 3
-2.485365 -14.268627 -392.937531 0
-0.943657 7.866776 -394.052795 0
-18.454712 11.965561 -393.166779 4
-0.682790 -9.372199 -392.478241 2
12.176259 23.253227 -392.615784 0
21.249109 18.175879 -393.938538 0
-23.315729 12.719742 -392.621735 0
4.476624 -2.963058 -394.018646 0
-17.146952 2.443364 -392.708130 4
27.407991 17.380728 -393.445129 0
-4.798010 16.316442 -392.616455 0
-8.969924 8.922413 -395.124420 -1
15.059747 -6.573138 -394.040344 0
10.889375 6.039126 -392.581360 1
16.548124 21.968246 -392.608887 0
24.348257 11.732478 -393.979309 0
14.027216 0.646692 -394.038788 0
5.256188 -10.450770 -394.412598 0
-14.566493 -7.317837 -392.492706 2
-29.126640 12.871277 -405.489563 -1
10.929831 -5.283876 -394.039886 0
-2.485468 -14.012076 -392.953766 0
-8.697134 2.196312 -394.491180 0
-14.309714 -1.410585 -392.501648 2
26.579327 7.838284 -392.625610 0
-3.268575 17.159031 -394.266907 0
30.499134 6.824439 -393.424408 0
12.983442 -9.143655 -393.696075 0
21.771902 16.376417 -394.059570 0
1.379464 14.570878 -394.046265 0
-5.565014 15.532971 -392.295349 0
0.863172 9.155427 -394.024994 0
12.994798 19.985538 -394.040436 0
25.909409 -1.932463 -394.172180 0
21.946894 24.535112 -392.572418 0
-13.795256 -6.290519 -392.494934 2
-4.561412 40.392262 -394.396576 -1
20.663776 27.107519 -392.623138 0
25.126738 7.866638 -394.045868 0
-3.005120 -5.535364 -393.587433 2
-15.878437 13.765819 -393.146820 4
-7.110330 -12.197572 -392.486420 2
3.702216 5.029761 -394.008667 0
-3.783223 13.540283 -394.070312 0
18.932413 16.634243 -394.058685 0
10.373228 5.524364 -392.512482 1
15.052428 4.254543 -393.848846 0
-13.292329 -13.750551 -392.828461 2
-14.569610 -14.769312 -392.576691 0
1.121093 -6.313983 -393.958954 0
8.825597 10.912157 -392.293701 1
-10.263324 3.233845 -395.095734 -1
1.637414 -3.736437 -394.004639 0
-7.431338 -14.375874 -395.890961 -1
22.544895 9.671358 -394.035095 0
32.557617 -2.958295 -393.385254 0
30.756918 6.567006 -393.425293 0
-2.750607 2.451785 -394.061554 0
12.220849 -0.384723 -394.053589 0
-12.310330 2.195491 -394.343719 0
2.411731 -2.447328 -394.009583 0
25.805765 -4.750695 -392.595428 0
7.832033 -5.541462 -394.021027 0
16.090857 2.709274 -394.006866 0
10.366193 9.884129 -392.246277 1
-42.597466 12.583561 -404.769897 -1
11.705304 18.182287 -394.077484 0
5.251560 1.162471 -394.065308 0
-7.842664 -16.226295 -390.545837 0
-11.285590 2.197152 -394.642029 0
7.576034 21.537577 -394.130676 0
-9.956222 17.883984 -393.188629 0
1.895721 11.476682 -394.048523 0
-7.145196 40.651833 -394.411011 -1
-26.471102 12.871592 -405.499512 -1
-1.711115 8.862357 -392.464905 3
20.221796 -3.736714 -394.033936 0
-1.459855 12.765620 -394.037872 0
22.546602 -3.479141 -394.064941 0
3.702417 11.991832 -394.029999 0
7.315376 -7.088063 -393.997131 0
-8.468057 -14.374845 -395.862610 -1
23.317448 5.287539 -394.004761 0
-17.178858 1.160623 -393.438873 2
-8.711108 8.663865 -395.125031 -1
10.118565 24.794233 -392.607758 0
-6.081776 -7.831195 -392.476746 2
7.057418 -7.088196 -394.004517 0
-14.567926 -13.483286 -392.531342 0
15.776655 -9.118447 -392.610718 0
-8.452024 8.146498 -395.113098 -1
25.039402 -2.696005 -392.676239 0
14.801690 -1.416120 -394.041992 0
11.962650 14.313203 -394.051239 0
12.681033 2.954392 -392.318878 1
18.673716 17.407305 -394.046753 0
-8.704810 11.241341 -394.839325 0
20.994747 1.677961 -394.007812 0
4.480399 40.903694 -394.350922 -1
2.153771 -1.931790 -394.034882 0
27.710997 2.709839 -394.088989 0
26.572514 9.120573 -392.524963 0
1.637446 2.193646 -394.012238 0
-5.073501 11.476379 -394.038086 0
-0.425856 20.941530 -392.626556 0
16.608522 -3.736789 -394.041809 0
8.571442 5.523101 -392.422791 1
29.465870 7.338737 -393.392334 0
11.394172 12.475782 -401.303040 -1
23.994902 -3.721420 -392.421112 0
3.444441 16.375837 -394.045624 0
-9.959706 -3.730003 -393.326172 3
0.088840 -1.158142 -393.998993 0
-33.055065 12.584668 -404.805542 -1
13.462457 23.510616 -392.623657 0
5.250896 -4.767879 -394.015442 0
21.177959 24.794973 -392.619476 0
22.543615 7.350311 -394.012726 0
-12.832065 10.457238 -394.500519 0
-10.763023 40.396599 -394.438934 -1
-13.024152 -18.362297 -392.501434 0
-9.745499 4.009386 -395.087463 -1
9.380219 -1.673803 -394.002075 0
2.669997 -3.221023 -394.034302 0
1.637577 -6.573197 -394.043854 0
-20.227940 3.727162 -392.592346 0
16.352007 -7.605317 -394.080475 0
21.510952 13.795971 -394.007965 0
-8.696725 41.174454 -394.472626 -1
-11.807761 1.681395 -394.814026 0
-5.332150 10.961773 -394.077393 0
17.866102 12.590579 -404.995667 -1
3.444402 17.922758 -394.041107 0
-20.500008 14.013491 -392.877838 4
15.317402 10.702567 -394.028412 0
22.974808 -7.062213 -392.560211 0
-10.196813 -7.061765 -392.535339 2
-9.222201 14.083618 -394.843903 0
-15.090563 3.985659 -392.749329 4
27.605762 6.039296 -392.592438 0
-15.602118 1.415324 -392.674042 2
5.251195 -2.189655 -394.037903 0
-3.524708 13.796680 -394.028198 0
18.931341 -3.736738 -394.036377 0
18.674204 6.061827 -394.057068 0
1.121349 16.633823 -394.048767 0
1.121177 18.693813 -393.988434 0
9.638372 -9.150817 -394.004456 0
-6.532453 -15.386439 -388.697601 0
29.214182 4.250485 -393.473206 0
-5.595832 41.173950 -394.467834 0
-18.431522 15.290959 -392.672791 0
26.940460 21.930202 -426.874481 -1
-13.537676 -7.317623 -392.481232 2
24.349409 -0.642492 -393.997986 0
-15.624690 8.107921 -393.242126 4
-5.308032 5.778011 -392.294952 3
-2.740157 18.626249 -392.564453 0
12.949981 25.826735 -392.681427 0
-15.346630 1.158498 -392.718445 2
18.413542 18.694500 -394.002869 0
-19.485024 2.703515 -393.169342 0
-22.545895 10.665178 -392.651917 0
-14.575256 3.728458 -392.728851 4
-18.441832 -3.211689 -392.892395 0
-4.281946 -7.574072 -392.461456 2
-14.299423 9.883451 -392.219391 4
-13.796150 -3.465504 -392.520355 2
-5.847306 6.576620 -394.001251 0
18.673750 1.162418 -394.047455 0
-8.948100 17.670376 -394.163086 0
28.434866 9.140654 -393.389221 0
25.604666 23.045586 -393.457092 0
3.702628 13.281813 -394.052490 0
-1.969444 20.432156 -392.712616 0
18.414326 6.834764 -394.019623 0
-2.230987 -12.743090 -393.469818 0
21.512003 8.639793 -394.027191 0
10.379516 6.555740 -392.750397 1
23.491844 18.628220 -392.605957 0
28.373562 5.524766 -392.541077 0
23.834284 9.928710 -394.015442 0
-14.835338 16.324219 -392.803558 0
1.121252 5.029841 -394.014984 0
-6.851022 -3.464089 -392.360016 3
6.797438 11.987733 -393.895294 0
5.405528 12.875377 -405.618713 -1
-12.066804 13.566308 -394.827698 0
-5.315416 17.868156 -392.840668 0
-6.339403 -11.941445 -392.509674 2
-4.793768 -1.666442 -392.269318 3
3.184538 -8.115815 -393.825378 0
-15.609829 -9.895677 -392.868103 0
20.221470 15.343714 -394.027557 0
24.092930 5.803483 -394.024323 0
8.055287 10.142805 -392.323578 1
-12.313227 41.170681 -394.436523 -1
-10.774114 14.342050 -394.845398 0
22.717987 22.222727 -392.565887 0
20.661583 -6.548802 -392.581482 0
20.220715 13.022643 -394.012878 0
-13.023121 -9.885659 -392.470367 2
-13.087675 40.136131 -394.415802 -1
10.414027 15.086970 -394.056244 0
27.602812 6.809279 -392.550476 0
2.404160 21.720387 -392.772614 0
-12.030684 -3.475441 -393.645874 3
20.246275 22.332832 -394.510895 0
-4.026348 19.655893 -392.606415 0
-0.685517 6.577359 -394.045563 0
19.189911 10.703037 -394.045715 0
-11.227449 -2.181714 -392.608887 3
6.799570 -2.705223 -394.018860 0
-39.946968 12.583868 -404.779816 -1
-4.808506 4.507990 -393.475372 3
-7.157784 7.887799 -395.105835 -1
25.341127 19.951384 -393.367004 0
-10.023644 0.131595 -395.851227 -1
23.317711 2.451459 -394.009216 0
15.003489 22.736643 -392.568329 0
21.616669 12.877301 -405.679352 -1
32.565796 11.738981 -403.054474 -1
-16.623142 -5.263069 -392.488190 2
8.054503 10.655224 -392.285431 1
-11.557570 8.404823 -395.102386 -1
18.415503 10.703013 -394.044830 0
10.926931 -9.149211 -393.935333 0
3.186176 -4.510186 -394.027924 0
9.597224 2.697691 -392.322388 1
-12.013253 -13.244758 -393.075500 2
-7.875300 0.130371 -392.171051 3
2.921803 -8.359916 -393.185303 2
-14.381206 15.102528 -394.462616 0
-13.288613 -0.383419 -392.718658 2
-13.019382 7.319436 -392.357697 4
-13.865994 41.178093 -394.507538 -1
-9.739176 12.274581 -394.831116 0
27.094595 5.783070 -392.638428 0
18.673969 13.539659 -394.052124 0
12.685716 11.173707 -392.463776 1
-3.510337 -7.573305 -392.421722 2
16.091434 13.022915 -394.021057 0
24.103876 25.152958 -394.203369 0
-20.532871 5.538370 -393.507660 0
31.262491 -1.928194 -393.301270 0
3.186475 12.250761 -394.064880 0
-17.722692 14.829627 -394.070038 0
14.416806 12.590178 -404.982788 -1
-3.008798 11.477284 -394.069153 0
-10.446121 -2.693020 -392.241516 3
-3.782673 1.420150 -394.013062 0
26.832022 7.580089 -392.559814 0
18.347481 27.362087 -392.589325 0
-6.634712 11.756390 -394.782257 -1
-6.108740 9.933785 -394.216827 0
12.446207 -9.642290 -393.018799 0
-5.055131 19.142307 -392.611359 0
24.573599 23.302940 -393.455139 0
-1.459752 -3.478655 -394.009888 0
-19.999866 8.620874 -393.164337 4
-1.717972 1.420238 -394.037567 0
-13.865130 40.659248 -394.482941 -1
-14.824121 -1.410602 -392.506531 2
15.058466 -6.314750 -394.006836 0
11.445563 -3.478766 -394.022491 0
-8.446090 11.499610 -394.835724 0
27.350168 -4.750933 -392.615051 0
16.089966 -0.384656 -393.985046 0
11.702864 -5.025457 -393.995331 0
3.947484 -11.691218 -392.732147 0
15.576997 9.929982 -394.065948 0
29.210058 10.943422 -393.417694 0
-15.622465 9.135935 -393.186127 4
-14.299702 9.626979 -392.227020 4
-10.773926 14.083427 -394.838531 0
0.863204 2.967349 -394.039429 0
-4.793801 -1.409760 -392.272064 3
-18.713476 14.024712 -393.192413 4
23.322876 15.862175 -394.096497 0
13.274588 12.513754 -402.524475 -1
-5.077438 13.549684 -394.343903 0
-8.904951 -3.463227 -392.262390 3
-8.919857 -4.754610 -392.918976 3
15.575778 14.054770 -394.035126 0
13.767899 -2.962952 -394.004486 0
-15.340623 -12.200006 -392.564728 0
-5.821160 -2.693006 -392.239471 3
-3.008280 16.373997 -394.001343 0
0.862467 -6.825147 -393.703339 0
7.315439 -7.861599 -394.000488 0
11.962385 19.727791 -394.042511 0
10.624851 4.494633 -392.309570 1
19.438242 -6.312194 -393.847321 0
15.930878 23.358877 -390.089600 -1
2.411880 11.476259 -394.033966 0
13.193252 6.034282 -392.266449 1
23.576937 11.218244 -394.028076 0
-0.427396 -4.510407 -394.047180 0
1.118397 -12.213889 -393.011475 0
-1.201777 13.797459 -394.050476 0
24.609844 9.413519 -394.035492 0
27.407179 13.260947 -393.433441 0
1.379426 16.375402 -394.035187 0
29.626961 12.515625 -402.584656 -1
-19.798950 12.586207 -404.855042 -1
11.187647 -8.377860 -394.029205 0
-6.340997 17.343763 -392.608398 0
-12.832338 9.166671 -394.508881 0
-2.234225 15.344238 -394.041016 0
0.346927 19.983183 -393.993988 0
4.219405 19.214956 -394.101379 0
-15.876876 7.076195 -393.108154 4
25.861330 22.529711 -393.440735 0
19.189672 18.954151 -394.040833 0
-15.362819 11.707267 -393.132721 4
-12.261987 -15.034565 -392.795136 2
-4.287694 -14.527631 -392.988220 0
-3.266920 1.420345 -394.067261 0
-14.848624 9.907036 -393.155334 4
3.186151 2.709398 -394.024902 0
-11.294191 6.333894 -394.942810 0
26.634008 14.290760 -393.433350 0
-15.601894 1.929210 -392.668396 4
24.339952 14.821156 -393.844940 0
24.864662 11.732595 -393.983246 0
-23.272697 14.653040 -396.268219 -1
-1.717892 3.482873 -394.019440 0
0.088853 5.546148 -394.060303 0
-8.194189 7.630310 -395.160675 -1
-0.425659 -6.803338 -392.445312 0
21.771284 11.218823 -394.048401 0
-10.005126 5.561062 -395.119904 -1
-44.717770 12.583315 -404.761993 -1
4.476892 -6.315316 -394.042175 0
-0.425678 -8.087729 -392.462494 2
-4.536570 2.953863 -392.248627 3
17.126055 10.445867 -394.071533 0
23.577120 1.678060 -394.031097 0
-1.711123 -9.885568 -392.466766 2
30.559328 1.420827 -394.200897 0
3.444105 -0.900336 -394.007111 0
3.444504 20.759745 -394.052795 0
-13.027434 6.039418 -392.600342 4
16.031839 26.589516 -392.561768 0
22.509336 28.964184 -393.413605 0
20.738272 8.124343 -394.038574 0
-11.992499 -1.153431 -392.396423 0
-17.936680 7.590566 -393.102417 4
-13.021939 -9.627961 -392.434753 2
-15.595914 -5.520322 -392.517883 2
11.961821 -6.830705 -394.023926 0
11.652919 10.655996 -392.313843 1
17.124277 9.671249 -394.030670 0
11.188075 -1.158275 -394.044312 0
14.542449 1.677977 -394.011627 0
20.737097 -1.158193 -394.016266 0
9.638888 -2.963111 -394.025604 0
-9.479597 15.890164 -394.791901 0
6.520241 2.443565 -392.740417 0
1.637476 18.695288 -394.019470 0
-16.367430 -2.951800 -392.521484 2
-18.710951 7.334017 -393.139343 4
20.737671 13.796645 -394.027191 0
-23.061811 13.749383 -392.677429 0
-11.486062 -12.202900 -392.657867 2
10.413575 15.602017 -394.039154 0
-14.123575 14.587063 -394.483978 0
4.476808 14.054758 -394.034790 0
19.188358 17.921518 -394.013855 0
24.827665 20.210337 -393.397034 0
-17.164612 9.905960 -393.112610 4
7.057070 -8.892551 -393.985077 0
-11.256112 -3.990276 -393.611206 3
19.188845 2.451550 -394.023804 0
7.058320 15.344778 -394.054871 0
7.574323 17.922785 -394.041656 0
1.121347 3.998840 -394.048157 0
-11.995865 -11.684502 -392.506561 2
21.783024 20.512711 -394.260895 0
-15.336753 -9.115079 -392.465698 2
15.056844 -8.376482 -393.964386 0
8.606476 -8.635649 -394.026703 0
-2.234175 -3.736698 -394.032166 0
-6.635708 13.308406 -394.841492 -1
24.784107 -5.266001 -392.706848 0
-4.837253 -12.560431 -395.827667 0
-9.166533 -9.114958 -392.460510 2
-15.340174 -11.942771 -392.553253 0
-11.296270 6.593549 -395.015472 -1
-1.717927 -0.900382 -394.027252 0
-13.098889 12.013859 -394.753754 0
-7.417477 7.371574 -395.152527 -1
15.828925 6.059587 -393.911469 0
-4.285518 16.580637 -392.788788 0
1.637670 0.904605 -394.066132 0
-17.946898 7.852274 -393.326324 4
25.603994 19.183039 -393.446747 0
22.025856 3.482567 -393.984863 0
3.444068 21.272768 -394.002899 0
8.864225 -6.830475 -394.010651 0
-0.427357 5.029786 -394.010620 0
28.646713 5.013829 -392.760681 0
-6.370627 40.655125 -394.442963 -1
22.285891 15.343395 -394.019379 0
-12.256158 -1.154054 -392.608398 0
3.702734 9.929929 -394.063812 0
23.833519 3.224899 -394.002777 0
-20.748730 5.784189 -392.714386 0
-8.652759 -11.683664 -392.478394 2
21.254873 -2.447551 -394.045410 0
-14.323839 8.871936 -392.889069 4
19.961649 5.029571 -393.993805 0
-0.682835 -8.859122 -392.503967 2
18.414043 6.318992 -394.013580 0
4.989759 -8.630154 -393.776001 0
24.982620 21.929808 -426.866791 -1
20.220636 14.311754 -394.011322 0
-15.877909 8.620203 -393.133759 4
9.122334 14.827408 -394.011078 0
26.116850 18.408813 -393.407501 0
16.348995 -0.642508 -394.007904 0
13.706641 7.574134 -392.251404 1
-3.000116 -13.497051 -392.932068 0
28.632553 0.130503 -392.566498 0
-17.911852 -4.493364 -392.558258 0
5.717269 -11.883677 -390.610870 0
19.190571 -2.189773 -394.059235 0
8.090982 20.502367 -394.062103 0
-9.746204 4.526786 -395.116028 -1
11.187437 17.406202 -394.021820 0
12.480833 22.826057 -394.112213 0
-14.564086 -6.803036 -392.427856 2
21.511694 17.664030 -394.021545 0
-14.938959 -11.516182 -395.547180 0
-12.771061 0.901297 -392.625031 0
0.605063 -1.416060 -394.025116 0
-7.623897 -11.939743 -392.453735 2
6.512608 9.884996 -392.280670 1
-1.459849 2.451627 -394.036224 0
-8.704915 12.016608 -394.844116 0
-14.821953 -5.005735 -392.449158 2
26.632778 15.577311 -393.415222 0
4.993328 14.313438 -394.057709 0
23.578136 10.187389 -394.048096 0
22.204655 22.994394 -392.583099 0
-17.421761 10.677470 -393.104431 4
15.573311 21.786751 -393.972717 0
8.349148 13.797920 -394.063629 0
2.411614 -5.798851 -393.990479 0
13.510994 18.438374 -394.039215 0
-7.107925 3.724896 -392.353668 3
11.181381 1.161713 -393.808502 0
4.218378 -7.088213 -394.005463 0
-16.363914 -5.775990 -392.437225 2
22.768122 28.193193 -393.432220 0
6.799229 -6.314626 -393.999084 0
-20.005459 4.763036 -393.274261 4
13.510796 20.500875 -394.033417 0
25.344952 19.439493 -393.426361 0
-0.944680 41.175217 -394.479950 -1
17.381596 -0.642516 -394.012665 0
-13.024399 -18.105797 -392.508881 0
14.802667 19.986937 -394.067993 0
-13.280415 -9.885810 -392.476379 2
28.891718 -0.126393 -392.593811 0
-0.685194 11.986663 -393.860168 3
-11.278196 5.034545 -394.383453 0
3.957371 -8.628836 -393.715820 2
0.860096 -13.229440 -392.620880 0
-8.968419 5.301675 -395.058105 -1
29.662592 -3.466078 -392.585358 0
-9.998137 12.791733 -394.843903 0
8.864623 -0.900385 -394.028351 0
-11.019785 3.227995 -394.381042 0
8.606539 -5.799427 -394.029602 0
-7.404107 40.654846 -394.440247 -1
4.219001 15.087254 -394.063660 0
14.542115 -7.088161 -394.002563 0
2.660195 22.223957 -392.587616 0
16.034369 -9.375673 -392.623718 0
6.800605 21.276867 -394.078827 0
12.736023 0.388824 -394.020111 0
27.605703 -2.695424 -392.591583 0
2.411891 -1.158250 -394.035675 0
-2.739863 8.349936 -392.522217 3
10.672267 19.470819 -394.060364 0
-7.876858 1.413791 -392.248657 3
-9.993598 16.401562 -394.664673 0
-13.560369 6.047706 -393.139130 4
18.413515 -3.994241 -394.002289 0
31.337511 1.420986 -394.245056 0
12.219841 16.632654 -394.021088 0
-14.055194 16.828463 -392.574005 0
-16.138136 8.621646 -393.199554 4
-13.044349 5.018290 -393.110107 4
6.025426 13.023209 -394.029999 0
19.704662 15.343258 -394.015839 0
25.860197 14.547850 -393.423523 0
25.647017 11.220515 -394.107849 0
-0.168720 -13.234111 -392.759521 0
-14.313925 -15.541593 -392.617157 0
26.831465 2.185514 -392.551666 0
-0.169261 2.967193 -394.018738 0
21.994665 28.707716 -393.426971 0
4.735017 0.646699 -394.042664 0
-15.821483 12.586669 -404.869873 0
-16.368401 -8.603170 -392.544800 0
-15.850250 -6.803401 -392.448914 2
-13.560369 6.562229 -393.139130 4
-11.055097 -0.904079 -395.644806 -1
17.124771 9.929380 -394.042053 0
-3.774910 7.077928 -393.204468 3
-0.683161 -7.321538 -392.691193 2
7.573716 22.304482 -394.010101 0
24.349739 0.904461 -394.003296 0
-6.338076 -2.180706 -392.427521 3
13.511062 12.765727 -394.041168 0
19.963003 0.904501 -394.020538 0
-0.169427 40.393280 -394.406525 -1
-7.646098 -6.050613 -393.596558 3
-19.462488 12.208784 -392.714630 4
-15.849287 -7.573370 -392.425079 2
22.716541 -6.548126 -392.540894 0
14.027256 18.696257 -394.039917 0
-0.685521 16.633780 -394.047699 0
-1.197375 -15.027375 -392.607269 0
12.736945 -8.120417 -394.048676 0
20.220713 9.928644 -394.012817 0
-18.971727 6.563357 -393.206665 4
-7.616656 -16.033508 -392.080994 0
-17.424376 12.737291 -393.163422 4
18.673250 5.545820 -394.036957 0
-14.822998 -6.290228 -392.476837 2
9.124227 21.277624 -394.092865 0
-0.685403 -3.736206 -393.980286 0
24.608921 6.576944 -394.020721 0
16.607267 20.499763 -394.012054 0
-0.427397 13.797360 -394.047607 0
19.704754 1.678003 -394.017639 0
16.865477 3.740665 -394.014587 0
-0.169259 7.350355 -394.015137 0
15.769469 12.876607 -405.657471 -1
-13.044881 -14.532730 -393.126160 2
10.927387 22.558971 -393.951752 0
9.853921 1.670733 -392.310577 1
-5.820415 -3.975861 -392.189270 3
5.509376 -0.384712 -394.042450 0
28.889458 2.956231 -392.563110 0
-6.106673 9.672544 -394.083466 0
-16.647787 9.133239 -393.070099 4
19.889071 20.681168 -392.561310 0
24.093206 -0.384699 -394.028839 0
-7.626850 -17.082615 -392.605743 0
24.350357 -0.384683 -394.013306 0
9.123446 15.860670 -394.059113 0
-11.032360 11.241106 -394.831085 0
6.522109 23.010200 -392.852966 0
26.832281 -5.777850 -392.563629 0
14.440648 12.876449 -405.652496 -1
4.218490 -8.377577 -394.015930 0
24.049019 -2.185588 -393.306183 0
9.380171 -6.830291 -394.000061 0
20.759569 22.070889 -394.443268 0
-8.185568 14.855026 -394.744965 0
9.862652 24.797421 -392.658203 0
-12.800068 -2.701776 -393.516785 3
25.648706 2.194323 -394.133850 0
1.121250 10.960016 -394.014252 0
0.863254 14.055739 -394.062286 0
-8.903397 -0.896193 -392.193939 3
-7.889890 -2.183318 -392.897614 3
-9.938446 -10.399737 -392.486603 2
-12.257148 -18.625721 -392.640106 0
19.963024 1.162340 -394.020966 0
3.702565 1.935977 -394.045746 0
17.123810 14.569902 -394.019867 0
25.141903 -1.158979 -394.283691 0
9.861276 11.948416 -392.603424 1
-7.130550 -6.308271 -393.602570 3
3.186174 16.890778 -394.027710 0
-7.669738 12.274033 -394.813477 -1
-38.951008 12.870111 -405.452820 -1
15.059112 -6.830702 -394.023743 0
26.577551 1.671963 -392.599396 0
22.028011 5.287789 -394.023438 0
-0.940778 19.411062 -392.850922 0
-10.225518 -5.020929 -393.640350 3
6.800293 18.955109 -394.060730 0
1.121292 9.929049 -394.028900 0
-4.800598 17.610537 -392.828278 0
16.608965 17.149691 -394.052307 0
7.315880 -3.994463 -394.024231 0
1.895616 9.671150 -394.026642 0
19.189159 4.256503 -394.030273 0
11.188143 19.470144 -394.046692 0
-11.288720 14.338637 -394.751465 0
-5.600329 13.048158 -394.784821 0
3.960348 21.531092 -394.011993 0
-11.808801 7.624288 -394.848816 0
-12.766688 -7.574634 -392.490601 2
-1.717742 3.224754 -393.985016 0
-7.630020 17.093838 -392.768951 0
-22.051571 12.732322 -393.010040 4
-12.630500 -1.164859 -396.284332 -1
-1.201905 15.346251 -394.092712 0
-15.353032 4.758288 -392.882263 4
-13.541488 -16.568199 -392.591736 0
5.251304 1.420269 -394.046051 0
12.220734 15.860298 -394.049866 0
3.444524 -7.089105 -394.055054 0
4.470723 -9.139082 -393.499237 2
11.697568 1.419444 -393.817047 0
21.714985 12.365174 -397.745148 -1
1.379485 -6.573335 -394.052124 0
30.524746 9.149149 -393.754791 0
-2.750175 -2.705091 -393.999634 0
-9.163215 -2.950273 -392.318451 3
2.411569 20.498257 -393.983093 0
-2.740521 19.656403 -392.616608 0
24.866985 1.420175 -394.020081 0
-20.787687 6.824914 -393.451752 4
4.476914 -6.831055 -394.044128 0
-5.821282 -1.409672 -392.247681 3
7.797557 10.911959 -392.286560 1
6.800064 -0.384717 -394.047485 0
9.380307 23.077723 -394.005768 0
-20.494560 11.182524 -392.773438 4
0.605064 7.350554 -394.025818 0
7.574884 19.213467 -394.070862 0
-21.008234 11.439054 -392.756531 4
21.711531 26.616955 -392.966888 0
22.286299 6.834884 -394.026581 0
19.962358 5.287580 -394.007812 0
-8.970506 8.147260 -395.150085 -1
-7.157484 5.043555 -395.089294 -1
-10.255130 17.181374 -394.780273 0
6.800264 13.282034 -394.059052 0
-3.008501 -2.189612 -394.030182 0
-1.454490 19.655050 -392.589600 0
-2.482799 -6.291110 -392.531830 2
9.896560 14.569469 -394.008179 0
-5.083828 14.341860 -394.840179 0
-17.653727 0.130493 -392.536560 0
19.964239 -2.447548 -394.044952 0
-2.994675 5.776899 -392.219421 3
20.480394 17.922855 -394.043243 0
18.860510 25.562002 -392.562103 0
-1.977849 40.133369 -394.388641 -1
14.026374 1.162323 -394.015167 0
19.704105 -2.705126 -394.004730 0
-4.041397 1.678242 -394.073761 0
5.999054 5.264733 -392.305389 1
15.266045 -9.120690 -392.707306 0
6.283494 -5.025864 -394.027222 0
2.662735 -11.183786 -392.962585 2
-6.632878 14.852323 -394.673126 0
5.515441 -10.452456 -394.476227 0
-12.767051 -4.492718 -392.501770 2
11.188820 21.276419 -394.070526 0
8.859344 -9.403612 -393.793732 0
27.863104 3.213375 -392.594849 0
13.990232 24.304657 -392.999878 0
23.574551 -1.158110 -393.988190 0
4.989495 9.922151 -393.755157 0
6.800443 12.508773 -394.069458 0
-3.512744 19.146179 -392.690735 0
-18.454662 10.936415 -393.165771 4
-6.600631 16.579184 -392.754395 0
-2.759154 -4.007254 -395.285919 -1
18.945868 24.129412 -394.338745 0
-4.561021 40.904926 -394.362793 -1
19.983631 22.586226 -394.427704 0
16.091000 20.499678 -394.010376 0
-6.118647 13.050516 -394.856171 0
14.543840 -8.378287 -394.049316 0
-0.943536 -0.384673 -394.002258 0
-3.266280 2.709158 -393.990021 0
12.995540 15.860823 -394.062897 0
21.496620 -4.764611 -393.745453 0
-9.680395 -10.655525 -392.448090 2
20.735256 -1.673715 -393.981293 0
10.889035 6.295826 -392.569092 1
-8.963320 15.116730 -394.833557 0
10.367461 10.398755 -392.294250 1
-4.543450 1.415935 -392.843536 3
-9.191566 -4.762032 -393.532288 3
-9.713382 -16.103207 -393.785400 0
-11.314237 -0.904076 -395.643768 -1
-3.781751 9.152919 -393.917023 0
-10.457978 -15.287382 -392.686737 2
1.376771 -11.450084 -393.276947 0
-15.621953 8.878352 -393.173248 4
2.153807 1.678105 -394.041626 0
25.860029 16.349876 -393.420959 0
-15.850063 -7.060127 -392.444305 2
19.633270 25.306808 -392.588318 0
8.606355 -3.220916 -394.021149 0
-7.112720 -7.577100 -392.618347 2
23.822018 -1.930701 -393.812683 0
-8.178994 40.137367 -394.427948 -1
30.177294 0.130510 -392.590179 0
-6.893026 11.755893 -394.765594 0
-8.389262 -1.666059 -392.179108 3
21.196831 18.902611 -392.969330 0
1.895903 11.219904 -394.086365 0
11.397052 3.724885 -392.352478 1
15.318258 -6.831164 -394.050415 0
-20.240053 11.441119 -392.827454 4
28.438353 14.290909 -393.437469 0
31.533318 5.280307 -393.465851 0
-7.371083 -7.578309 -392.680969 2
6.283617 0.130991 -394.034973 0
8.387569 12.048045 -395.877045 0
11.958879 -9.149017 -393.927002 0
12.477556 -6.056950 -394.008698 0
14.284717 -2.705243 -394.021790 0
-11.041860 8.406284 -395.171051 -1
5.228002 4.494495 -392.297516 1
23.538433 28.447203 -393.384583 0
-14.381952 14.587030 -394.483093 0
14.779222 22.529888 -393.443878 0
3.444278 0.388831 -394.027008 0
5.767340 0.646681 -394.031769 0
4.477102 11.734903 -394.060730 0
20.660629 19.910622 -392.563354 0
22.507204 28.189190 -393.376343 0
0.346943 5.029804 -394.012085 0
28.634171 2.442621 -392.588684 0
2.927999 20.242292 -394.019073 0
-5.091701 -5.044032 -395.451630 0
0.346934 -1.931631 -394.002380 0
18.930704 10.186744 -394.023163 0
25.083162 23.554861 -393.362518 0
19.446692 -4.767916 -394.018524 0
-8.936230 -5.536106 -393.640228 3
5.767132 15.601161 -394.017548 0
19.890694 24.793322 -392.593323 0
-16.682251 13.791623 -393.883789 4
4.992944 0.130988 -394.027344 0
20.478622 9.928551 -394.009125 0
4.734310 -1.673725 -393.983765 0
-3.517421 15.054712 -393.213684 0
14.478077 5.264225 -392.267548 1
24.092281 4.256324 -394.013702 0
-15.346959 12.209165 -392.726898 4
1.895857 16.119257 -394.076813 0
18.671486 11.475261 -393.999695 0
-8.910188 -7.831521 -392.493073 2
16.090597 -7.345950 -394.000549 0
-1.459197 -5.023733 -393.860168 0
-9.166358 -10.655659 -392.453033 2
14.801735 -1.158272 -394.043213 0
-21.263914 13.751121 -392.727051 4
-18.713789 3.218320 -393.198975 4
-5.053054 -10.398769 -392.450104 2
0.345932 -6.810597 -392.863983 0
14.788444 4.252820 -393.689362 0
-11.808044 13.307800 -394.823486 0
13.252591 17.922287 -394.030731 0
23.319832 1.162411 -394.045074 0
13.510136 15.601027 -394.014191 0
6.255896 4.237774 -392.296570 1
-14.565353 -3.464989 -392.462006 2
0.345690 -12.971469 -392.589142 0
6.281967 22.815592 -393.931488 0
17.124466 9.413507 -394.034973 0
23.062248 2.967460 -394.054291 0
24.827036 23.556330 -393.387024 0
31.846144 3.741927 -394.147614 0
2.146128 -10.917579 -392.636719 2
20.735003 3.224684 -393.976471 0
-14.314555 -0.897200 -392.634430 2
-13.022498 -1.410405 -392.451599 2
23.233175 16.828753 -392.580780 0
-12.639299 12.587038 -404.881744 -1
5.509548 -0.126863 -394.054749 0
-7.880257 15.537821 -392.417877 0
5.250748 11.217568 -394.004333 0
16.607077 -1.415997 -394.007507 0
7.315757 -7.346268 -394.017609 0
7.568648 12.240860 -393.746399 0
23.318012 1.935823 -394.014313 0
-0.427405 16.118361 -394.054901 0
18.154999 9.412507 -393.993134 0
8.865219 19.986269 -394.054840 0
-13.638578 -15.134519 -395.406525 2
-9.488557 5.561697 -395.165039 -1
5.999892 4.751965 -392.360199 1
23.837366 0.646738 -394.066406 0
25.276751 -4.747940 -392.367706 0
-5.056009 18.374750 -392.679565 0
14.024069 11.216032 -393.950378 0
10.628998 -9.628646 -392.462708 0
-12.270174 -13.758563 -393.057373 2
-5.310001 -5.776037 -392.440460 3
29.148966 0.901228 -392.594849 0
18.930681 -1.158211 -394.022675 0
10.928309 22.818691 -393.985016 0
-16.374166 2.700171 -392.683075 4
0.346938 7.092369 -394.006714 0
-8.728010 -13.598712 -395.891663 0
22.975908 -6.548761 -392.579010 0
5.484935 8.858506 -392.294373 1
-10.973993 -1.668451 -392.742218 3
-5.055295 4.498237 -392.624146 3
-12.788868 -11.704327 -393.172485 2
-15.601833 -10.404512 -392.666840 0
2.411989 13.023927 -394.051697 0
22.801264 5.029713 -394.004913 0
12.220809 18.954704 -394.052307 0
-5.566948 1.928047 -392.431732 3
-15.601154 13.234533 -392.649780 4
5.251395 20.501888 -394.052917 0
28.890816 0.644301 -392.581573 0
24.880157 -3.480587 -394.228760 0
-15.086313 -12.202304 -392.638702 0
-2.483368 -14.771011 -392.621887 0
-7.157780 5.560861 -395.105652 -1
-4.815364 9.413543 -394.036469 0
-13.287117 0.130538 -392.674438 2
16.603615 21.784136 -393.925385 0
-12.313538 7.358402 -394.446472 0
-12.288356 -3.990566 -393.639832 3
-10.262400 2.975035 -395.060181 -1
8.606056 15.600763 -394.007477 0
3.186225 8.897789 -394.033997 0
28.919321 4.502188 -392.968933 0
25.821653 -4.239492 -392.837128 0
2.931105 41.170742 -394.437073 -1
-15.597708 -8.089802 -392.563049 2
9.123319 18.439049 -394.053619 0
-12.260325 -17.345539 -392.741852 0
17.123501 16.116638 -394.012787 0
17.382015 0.646665 -394.022186 0
25.132406 25.148582 -394.134796 0
9.082969 1.670734 -392.310822 1
-14.574655 1.672445 -392.712646 2
18.156727 2.709438 -394.030640 0
1.379379 1.935860 -394.021881 0
-16.394394 13.509285 -393.168152 4
-2.233611 10.957749 -393.932739 0
23.320478 13.281930 -394.056000 0
-5.569729 15.289205 -392.627747 0
-5.062745 3.990261 -393.202789 3
-11.739463 -18.363651 -392.530365 0
21.951572 23.255617 -392.656128 0
-14.817633 11.683504 -392.334747 4
27.613047 -1.925226 -392.696014 0
1.637657 14.055764 -394.062988 0
15.833535 2.451565 -394.026184 0
16.093906 17.150965 -394.081573 0
-4.028165 16.580418 -392.783600 0
-3.524981 11.476980 -394.058746 0
-13.022902 -2.951366 -392.463776 2
19.981920 22.068129 -394.393921 0
-7.623869 -11.426076 -392.452301 2
-12.249343 -16.302917 -392.390076 0
-6.899055 5.819486 -395.110870 -1
-4.540673 18.885008 -392.603394 0
-11.040779 7.888329 -395.132385 -1
-3.510776 -8.344724 -392.470764 2
-10.966993 -12.197736 -392.491699 2
-9.987357 40.652573 -394.418182 -1
3.702347 -1.673890 -394.022614 0
-16.908733 9.392379 -393.150604 4
19.448471 16.376209 -394.054596 0
15.833879 12.765519 -394.034729 0
18.930101 2.193636 -394.010620 0
18.156540 9.928990 -394.026581 0
16.349581 20.242443 -394.022003 0
18.929672 -2.705105 -394.001648 0
-22.799622 10.920453 -392.591949 0
-0.427379 6.319272 -394.031067 0
12.175516 23.508713 -392.591827 0
5.484469 6.804259 -392.261017 1
-15.362511 7.333747 -393.124847 4
-15.366749 13.768846 -393.233276 4
-0.169264 10.444641 -394.025299 0
-18.451883 4.761004 -393.106567 4
18.156342 5.545613 -394.022278 0
21.252884 12.506839 -394.008514 0
7.027117 7.575320 -392.312866 1
-8.396102 -11.684274 -392.498871 2
25.917543 -2.707125 -394.295959 0
20.219839 7.092173 -393.995819 0
0.605081 17.148996 -394.036346 0
1.895661 16.633289 -394.036133 0
4.465299 -12.214211 -393.021820 0
16.608276 16.117588 -394.035980 0
6.734128 12.875534 -405.623688 -1
22.460876 18.112579 -392.566650 0
20.479244 16.890493 -394.021088 0
-19.969893 15.030263 -392.575104 0
0.602994 -8.349121 -392.677582 2
-6.856481 -16.057703 -392.672668 0
13.451913 4.494709 -392.316132 1
7.797618 8.088283 -392.289642 1
23.064215 15.346063 -394.087860 0
-11.300831 6.854805 -395.174988 -1
-8.963169 14.599743 -394.826874 0
3.702665 19.470627 -394.056458 0
-18.196466 12.736911 -393.151703 4
-8.178939 40.653305 -394.425293 -1
20.995468 14.312117 -394.021332 0
0.346958 15.859476 -394.029449 0
-2.234014 13.280169 -394.003723 0
9.638128 22.561420 -393.994507 0
14.540945 -2.962699 -393.970856 0
8.054644 8.088337 -392.292267 1
-36.826969 12.870363 -405.460785 -1
15.575312 10.186749 -394.023315 0
28.953814 9.914149 -393.437622 0
-9.198988 -15.590397 -393.850037 0
-2.228435 -13.757247 -393.019775 0
18.092926 25.053591 -392.646057 0
-9.931086 -0.639553 -392.195923 3
-3.251668 5.263688 -392.227509 3
24.348253 13.279344 -393.979279 0
-5.310264 -10.655845 -392.459869 2
21.771303 9.155979 -394.048737 0
-12.796443 2.447702 -393.405334 4
-0.169234 11.731770 -393.955505 0
-15.369683 16.087826 -393.308380 0
-17.399113 -5.007575 -392.593384 0
11.962089 -5.541626 -394.032745 0
19.189001 12.249584 -394.027039 0
16.865015 -3.478601 -394.003815 0
3.702275 -1.158189 -394.014923 0
-4.815646 12.508459 -394.059570 0
9.895569 0.388773 -393.968689 0
-16.395489 9.908020 -393.194397 4
20.737923 6.577133 -394.031982 0
14.543293 -3.478872 -394.034515 0
31.848213 2.452480 -394.173218 0
31.002701 -1.413360 -393.273895 0
13.246330 2.192712 -393.844574 0
16.604244 21.269388 -393.940308 0
-10.194414 -10.655387 -392.442993 2
1.118117 -7.325676 -392.913147 0
9.638090 -3.994146 -393.992950 0
-14.426720 -11.003063 -395.711029 -1
17.381744 16.374605 -394.016022 0
17.381472 12.506881 -394.009827 0
15.260776 -9.631322 -392.571747 0
-12.827020 7.356516 -394.345398 0
2.153805 11.476468 -394.041138 0
-4.837504 -12.820118 -395.848236 0
2.153815 15.086467 -394.043091 0
10.376520 7.067714 -392.637054 1
-5.306263 -2.949113 -392.164215 3
1.637536 2.967308 -394.034058 0
12.218214 12.505572 -393.968597 0
-8.901416 -3.975023 -392.106659 3
-5.310513 -9.885859 -392.478333 2
11.438285 1.161605 -393.771912 0
16.091396 -2.705232 -394.020111 0
19.447453 14.054728 -394.033936 0
-13.818992 7.077312 -393.170258 4
-6.887712 40.398884 -394.461243 -1
-1.710266 -11.420777 -392.270325 2
5.767701 15.086978 -394.056458 0
20.736769 9.928574 -394.010040 0
-11.481454 -15.793811 -392.500305 2
22.226814 21.217264 -392.974884 0
13.511344 19.470280 -394.049408 0
-11.798205 2.970776 -394.494537 0
10.672002 13.539606 -394.050598 0
14.544028 19.986246 -394.054413 0
-6.338698 -8.601445 -392.466064 2
22.288530 12.250797 -394.066071 0
-1.969178 20.943296 -392.659668 0
9.595847 10.398009 -392.266083 1
8.864417 16.632576 -394.019226 0
-0.427392 8.124437 -394.043152 0
-15.858767 -0.640310 -392.659790 2
-10.713834 -15.542350 -392.636292 2
15.059561 -5.541665 -394.035492 0
21.908716 19.876448 -391.889557 -1
-18.450455 9.133379 -393.076111 4
-12.251609 -6.033183 -392.462677 2
-21.263058 14.264530 -392.711243 0
12.147005 -9.609260 -391.672516 0
-18.191755 2.445491 -393.049927 4
25.899963 -3.736663 -394.028503 0
22.801832 1.677991 -394.014709 0
28.694597 10.685964 -393.417175 0
-4.810686 15.071560 -393.653748 0
11.961666 -1.931711 -394.018799 0
27.351961 2.442945 -392.640808 0
20.737221 5.287725 -394.018646 0
0.346940 1.935797 -394.009033 0
-6.104658 2.708906 -393.953400 3
24.611197 1.936033 -394.057129 0
-10.451342 -7.830413 -392.437561 2
19.706884 15.860717 -394.060272 0
-7.669650 10.723767 -394.808929 0
-18.196714 12.222540 -393.157104 4
-9.965907 -3.989869 -393.571075 3
20.221619 14.570294 -394.030457 0
11.655809 1.671161 -392.411133 1
10.155821 15.860436 -394.053314 0
27.119631 3.731044 -393.001221 0
18.672140 -0.126850 -394.013489 0
-3.524026 17.660912 -393.951965 0
-17.412504 12.586484 -404.863953 -1
27.863209 -1.667831 -392.596313 0
8.606088 16.632143 -394.008972 0
17.123194 6.061037 -394.005707 0
19.188608 0.388823 -394.018982 0
26.092236 12.591534 -405.026367 -1
-19.984852 11.442334 -392.869171 4
-1.196907 -7.830734 -392.453644 2
7.278654 11.417581 -392.019287 1
-23.091747 9.907838 -393.187134 0
8.605905 -5.025524 -394.000580 0
-2.227951 9.901469 -392.934387 3
28.636755 2.185917 -392.624115 0
-2.232729 10.180383 -393.777100 3
4.715748 8.091364 -392.439087 1
-17.939346 7.077143 -393.160858 4
-3.768766 16.571169 -392.564484 0
-4.821751 14.331654 -394.559174 0
4.735120 13.797484 -394.051178 0
-16.108629 -7.317612 -392.480682 2
-10.452334 -7.574330 -392.474792 2
28.184771 8.113141 -393.495270 0
19.121719 25.310492 -392.645477 0
-11.806918 13.564870 -394.785858 0
-5.306498 -3.975783 -392.181580 3
-14.590547 6.047733 -393.140839 4
24.607880 2.967082 -394.004028 0
-16.879919 -3.978815 -392.480621 2
2.928364 5.804128 -394.068146 0
-11.808031 10.207425 -394.823059 0
-4.796200 -11.169719 -392.468323 2
-16.365149 -2.180924 -392.466797 2
-13.281847 -5.263478 -392.518707 2
2.414057 40.649624 -394.389557 -1
18.929932 6.834546 -394.007050 0
-6.084150 15.289291 -392.629944 0
28.380819 -1.154151 -392.641479 0
2.151474 -9.399337 -393.614716 2
9.122344 -2.963005 -394.011505 0
-10.246298 40.396740 -394.440308 -1
6.542326 15.087522 -394.070679 0
-20.216293 11.684444 -392.366302 4
22.462725 -6.806001 -392.598938 0
2.151959 -9.143827 -393.703491 2
27.922499 12.488530 -393.431732 0
2.153541 -5.541065 -393.992828 0
-5.589351 6.576782 -394.010986 0
-17.682348 6.820078 -393.172974 4
13.511692 22.565145 -394.059540 0
-21.516224 6.810776 -392.636719 0
27.109810 9.899567 -392.858917 0
0.088828 19.980848 -393.947968 0
12.689241 -9.888239 -392.572815 0
18.154526 -2.447162 -393.982849 0
15.315501 10.959050 -393.979523 0
15.564898 7.603261 -393.759888 0
3.959003 6.316820 -393.878143 0
2.670136 10.445423 -394.054779 0
10.671731 -1.158264 -394.040558 0
18.930550 18.953148 -394.019928 0
27.147818 15.319654 -393.409698 0
11.403954 -10.145575 -392.590057 0
-3.255047 9.380062 -392.635040 3
4.476654 -3.478755 -394.021240 0
24.107063 25.414276 -394.255493 0
17.897675 12.764715 -394.009918 0
-11.040347 8.922243 -395.116913 -1
-31.250978 12.871025 -405.481628 -1
7.316112 -1.416102 -394.036743 0
-16.111235 -2.438226 -392.544159 2
31.337729 2.194957 -394.247772 0
20.220139 18.694441 -394.001617 0
17.899254 -1.158276 -394.044678 0
-6.106533 5.804220 -394.074432 0
-2.492184 -2.705201 -394.015686 0
-19.726749 12.470199 -392.854218 4
-5.820220 -6.028778 -392.176117 3
3.444612 1.936073 -394.065216 0
15.832316 -7.861506 -393.995850 0
22.027533 9.413026 -394.014832 0
20.663256 25.822250 -392.613251 0
26.833567 8.094320 -392.582428 0
28.890606 1.414980 -392.578705 0
18.090115 26.847990 -392.585022 0
-0.427408 9.671917 -394.057892 0
30.431835 -1.924541 -392.556305 0
-13.347188 40.397705 -394.449738 -1
22.720060 22.738575 -392.601715 0
22.461496 -5.007372 -392.577484 0
11.961919 13.796643 -394.027161 0
14.801832 14.313004 -394.045776 0
-10.708560 -11.939417 -392.443024 2
17.639967 -0.900363 -394.018707 0
15.832567 9.412721 -394.002106 0
29.979418 1.675237 -393.368164 0
31.332726 0.388986 -394.184845 0
19.971491 19.735079 -394.188080 0
29.404188 0.130503 -392.568848 0
6.304327 12.290204 -395.333649 0
1.637559 15.859876 -394.039398 0
-11.279698 4.002775 -394.436005 0
31.275599 6.310212 -393.466156 0
-11.223323 -7.317313 -392.464630 2
15.683536 23.371078 -390.293396 -1
-10.187491 -2.692574 -392.176483 3
-2.225199 -10.141933 -392.449127 2
9.090370 24.538742 -392.630524 0
0.346933 -2.962924 -394.000793 0
10.632424 6.039246 -392.589172 1
-4.792988 -11.932192 -392.205536 2
0.088560 -11.178043 -392.760803 2
-10.780273 2.199541 -395.071136 -1
20.756292 21.551256 -394.381012 0
-42.667873 12.869670 -405.438934 -1
-13.284435 -17.595966 -392.595184 0
23.878218 26.220551 -394.741730 -1
23.488216 19.652836 -392.545349 0
15.827941 -8.117085 -393.886993 0
13.509741 -5.025550 -394.002655 0
-8.653922 -7.575417 -392.531128 2
20.481039 7.608972 -394.055634 0
22.801266 6.318853 -394.004944 0
19.188650 -4.510094 -394.019836 0
-5.306496 1.156913 -392.181396 3
23.318859 8.897668 -394.028625 0
3.781905 12.512668 -402.489563 -1
3.960437 -5.799299 -394.020905 0
-14.563483 -2.694188 -392.411621 2
3.444483 0.904569 -394.050415 0
1.117323 21.198870 -392.634186 0
9.082502 3.467592 -392.290680 1
1.895646 17.664545 -394.033051 0
0.863193 -0.126857 -394.034576 0
-7.928169 10.981979 -394.803802 0
-4.539053 -8.087748 -392.463379 2
6.279768 2.192428 -393.793549 0
7.796810 7.060729 -392.248993 1
-13.787894 8.088197 -392.285492 4
-16.394409 10.421930 -393.168518 4
12.176331 24.024126 -392.618103 0
-14.059200 2.957156 -392.685913 4
-1.713102 -13.753781 -392.920746 0
7.831853 18.952765 -394.011993 0
29.468422 7.854271 -393.426392 0
-0.686221 41.172100 -394.450073 -1
16.608797 -5.799702 -394.048340 0
-21.773800 8.352516 -392.643494 0
0.863129 6.834516 -394.005341 0
17.124640 -5.541714 -394.038971 0
-11.479454 -7.573503 -392.431946 2
-7.103973 -0.126245 -392.135498 3
26.319395 -5.264364 -392.584747 0
-19.224991 7.076381 -393.118530 4
1.632060 -9.634869 -392.716339 2
10.155520 -4.510343 -394.041595 0
9.896699 14.827508 -394.013702 0
5.250790 -4.509953 -394.007538 0
13.251753 -0.384676 -394.005829 0
18.140079 -7.339775 -393.669373 0
9.853598 2.954233 -392.297760 1
-28.329992 12.871372 -405.492554 -1
3.444212 6.319086 -394.019440 0
16.348822 1.935771 -394.003723 0
-16.371773 -9.375720 -392.625671 0
10.928722 0.130979 -393.999908 0
-18.713165 9.650514 -393.185883 4
1.379472 12.508103 -394.048340 0
23.336988 -3.739569 -394.334961 0
24.569086 21.496716 -393.382904 0
21.510609 11.733144 -394.001678 0
15.835055 19.213135 -394.064026 0
16.289761 22.223545 -392.580353 0
1.117417 21.457600 -392.667145 0
-43.657627 12.583438 -404.765961 -1
-0.943567 -0.900355 -394.015198 0
-14.307253 -10.141547 -392.434174 2
-6.627364 40.128933 -394.345062 -1
11.704408 18.696610 -394.047333 0
-13.347370 9.939789 -394.455109 0
15.059105 0.646667 -394.023560 0
6.283605 -0.642551 -394.034210 0
-10.256144 12.274216 -394.819336 0
5.233969 22.746891 -392.745300 0
-1.717550 11.473549 -393.940918 0
8.059372 -11.171262 -392.522522 0
-8.652655 -10.656220 -392.473663 2
26.950653 4.775403 -394.295441 0
18.414494 5.545626 -394.023224 0
20.221842 -0.126857 -394.034790 0
24.092157 9.928615 -394.011688 0
28.118629 -1.410837 -392.571869 0
-9.996739 14.598331 -394.788696 0
-20.258976 9.908029 -393.194733 4
-1.717738 11.990430 -393.983917 0
-5.048691 -1.922359 -392.111267 3
-35.705902 12.584361 -404.795624 -1
26.888824 13.259512 -393.390869 0
12.679609 3.724148 -392.274811 1
-5.054307 -7.318857 -392.547394 2
19.376911 25.307863 -392.604675 0
30.969782 -1.926012 -392.856323 0
-6.375719 9.689106 -394.758209 0
-10.278166 1.167196 -395.667084 -1
4.993187 13.281611 -394.046509 0
32.107159 2.710480 -394.182281 0
10.079669 12.475633 -401.298248 -1
9.116899 -9.403197 -393.776367 0
14.801733 1.935965 -394.043152 0
28.633114 -4.493547 -392.574188 0
7.315701 -6.314874 -394.014587 0
1.117497 -10.405267 -392.695343 2
16.092466 0.130995 -394.046326 0
-0.943423 19.207821 -393.955048 0
16.805864 26.593588 -392.621887 0
20.221931 -0.900404 -394.036560 0
-1.719461 40.648563 -394.379303 -1
-7.949457 -13.856802 -395.863861 -1
13.255463 21.020979 -394.116119 0
1.895616 1.162357 -394.026764 0
-11.494971 -12.983802 -392.962402 2
0.088558 -7.836673 -392.751282 2
-17.659952 -3.723827 -392.674988 0
-12.768069 -3.465616 -392.533051 3
-3.796990 -12.808981 -395.504364 -1
-10.709035 -7.830870 -392.460419 2
31.785492 -1.156372 -393.396942 0
15.318720 19.213051 -394.062317 0
21.252287 9.412610 -393.997437 0
-12.830277 40.913506 -394.445526 -1
24.090921 13.537575 -393.991486 0
-7.411415 10.724329 -394.829590 -1
1.379412 2.709443 -394.031372 0
-13.087310 9.164252 -394.404785 0
-0.682843 -7.574976 -392.508270 2
3.545543 12.875156 -405.611755 -1
2.669883 20.242210 -394.017487 0
-17.940607 10.422459 -393.188507 4
28.894325 4.241368 -392.629272 0
1.121319 15.086290 -394.038483 0
-16.115952 -1.154203 -392.659058 2
20.995211 4.514189 -394.016479 0
-4.539763 1.671645 -392.524719 3
-14.691301 -11.525162 -395.855652 0
-4.041498 -1.158391 -394.083649 0
17.897093 1.677916 -393.997131 0
15.316860 12.764862 -394.014465 0
8.866055 21.277580 -394.092041 0
-13.047538 -18.909882 -393.206207 0
-6.118254 12.791308 -394.830780 -1
2.153756 -6.573003 -394.032227 0
24.316010 20.213444 -393.457520 0
22.028776 10.187105 -394.037079 0
-15.107034 7.077452 -393.177979 4
-7.152956 11.241342 -394.839355 -1
5.251747 20.245388 -394.079346 0
4.218274 21.272381 -393.995728 0
-17.419970 9.647523 -393.064026 4
9.088441 7.836719 -392.547180 1
13.769490 -6.573299 -394.049988 0
-3.006240 10.179270 -393.734070 0
2.928104 -3.736707 -394.033173 0
-13.537122 -5.005939 -392.465149 2
-7.945691 -15.403769 -395.676361 -1
-4.544019 17.613426 -392.892761 0
-10.004825 8.404943 -395.108032 -1
24.263639 17.600756 -392.610107 0
-13.042192 6.303460 -393.045105 4
29.542274 12.591934 -405.039246 -1
4.204301 -10.148175 -392.690643 2
8.311523 2.697454 -392.287811 1
-6.848427 0.900348 -392.211395 3
-4.282155 7.578558 -392.480560 3
4.992800 -0.642521 -394.015991 0
-10.714387 -14.772316 -392.656555 2
22.544851 14.312590 -394.034332 0
-10.261354 9.437036 -395.019897 -1
-14.822292 -9.371719 -392.458130 2
19.376087 25.049887 -392.587982 0
20.996260 0.646688 -394.036163 0
-5.053339 -9.885705 -392.472198 2
-16.369093 -1.667683 -392.561371 2
13.506874 22.814871 -393.919037 0
18.673126 0.388838 -394.034332 0
-11.815257 1.165419 -395.064667 -1
10.110910 2.954330 -392.310699 1
-5.563535 -0.896187 -392.191162 3
-14.117635 10.968467 -394.318054 0
17.370096 -7.598978 -393.751984 0
-13.024558 1.414746 -392.513672 0
-7.381674 -6.817205 -393.245178 3
-3.256757 -15.036334 -392.841339 0
18.156469 -1.673901 -394.025055 0
24.143566 21.929638 -426.863495 -1
-13.555570 2.702351 -393.000000 4
-18.949932 12.210037 -392.754913 4
-15.081398 -3.979120 -392.510773 2
32.045815 -2.701174 -393.429199 0
-2.225971 18.370335 -392.585175 0
4.730863 9.147805 -393.696960 0
18.673214 7.866445 -394.036163 0
18.931984 16.118151 -394.049744 0
17.898272 -3.478772 -394.023102 0
8.347576 -7.345742 -393.989441 0
13.768285 -3.736540 -394.015503 0
23.320986 16.118755 -394.064545 0
0.088846 8.124122 -394.027863 0
24.274694 12.877616 -405.689301 -1
11.704978 21.018333 -394.066498 0
-0.683123 20.429928 -392.669769 0
7.832340 -0.900403 -394.036469 0
27.404764 16.863817 -393.398773 0
13.709668 9.629704 -392.338043 1
22.260202 -3.989810 -393.565186 0
-12.056685 16.394579 -394.496582 0
14.241136 22.751198 -392.819672 0
-9.480314 13.049378 -394.821747 0
-2.492520 15.603187 -394.068726 0
6.541123 -1.415963 -393.998261 0
18.674593 20.502533 -394.065277 0
11.962161 -6.573051 -394.035126 0
23.575397 6.576637 -394.002319 0
9.639741 -8.636388 -394.060455 0
27.210819 -0.126950 -394.322662 0
1.379399 8.897643 -394.027496 0
16.607138 0.388813 -394.008972 0
-14.817873 -10.395882 -392.341125 0
17.381857 -4.252242 -394.018555 0
25.288040 14.258418 -392.542969 0
3.444364 4.514422 -394.036774 0
15.573521 21.529236 -393.978027 0
2.669812 7.092373 -394.006927 0
-8.137879 2.184921 -392.445160 3
3.444586 9.672023 -394.062195 0
13.768723 -1.673914 -394.028076 0
6.031961 -10.710079 -394.457336 0
19.446617 12.507109 -394.017029 0
-12.516303 6.040972 -392.701386 4
10.149596 -9.404043 -393.811768 0
-0.427361 -3.478694 -394.014343 0
-6.364205 7.608774 -394.045349 0
21.511257 1.420152 -394.013580 0
8.575300 23.766073 -392.599396 0
-14.330181 8.618652 -393.063019 4
-9.451362 -4.763045 -393.615967 3
8.348522 -2.963174 -394.034058 0
-7.361163 -5.001952 -392.152527 3
24.353600 6.061961 -394.065765 0
-14.051349 -6.033244 -392.466614 2
14.735905 5.264536 -392.290710 1
-12.251819 -7.060579 -392.469391 2
26.890345 19.696280 -393.413086 0
-8.909684 -9.885671 -392.470886 2
3.444548 13.539854 -394.057800 0
20.477653 0.646613 -393.990479 0
1.375228 -7.838365 -392.836090 0
21.526949 20.772818 -394.300964 0
26.696672 -0.643081 -394.359039 0
23.493397 -5.264996 -392.631897 0
19.962181 -5.541227 -394.004333 0
21.435753 23.511030 -392.630554 0
-10.205047 17.868687 -392.852325 0
-7.669854 14.082746 -394.819458 -1
7.831946 19.726498 -394.016663 0
-7.929539 13.051040 -394.872009 -1
6.541143 22.046055 -393.999451 0
-7.875229 1.156873 -392.167542 3
-0.169273 -0.642571 -394.046417 0
-0.425675 -9.885409 -392.460480 2
10.412408 22.561449 -393.995026 0
23.575380 11.733155 -394.002045 0
14.543679 18.954350 -394.044952 0
-1.717608 17.661016 -393.954315 0
-11.995077 -6.547123 -392.480774 2
-8.903578 0.643678 -392.201874 3
6.515677 -11.426461 -392.465546 0
-5.049486 -2.435920 -392.172974 3
17.380285 4.255991 -393.982941 0
-2.750383 -1.158231 -394.029358 0
22.805275 24.628971 -394.074219 0
14.026262 16.632273 -394.011993 0
0.605104 15.086782 -394.051361 0
0.863148 5.029829 -394.014008 0
19.188921 5.545657 -394.025391 0
26.118191 21.756615 -393.427734 0
-2.741026 19.403057 -392.688934 0
-6.596578 -8.602479 -392.513214 2
-14.823110 -7.574426 -392.479767 2
23.062677 24.628183 -394.061615 0
-12.014465 -11.959866 -393.115173 2
25.383360 4.256420 -394.022583 0
-11.737557 -8.858279 -392.466644 2
14.285240 -8.378008 -394.036194 0
-11.297013 9.179045 -395.041473 -1
19.630426 26.330597 -392.531433 0
14.801301 18.438019 -394.031647 0
-2.997338 18.112654 -392.568237 0
14.801761 18.180738 -394.043884 0
0.605070 -2.189609 -394.029663 0
9.898190 19.471449 -394.073090 0
1.637654 19.213057 -394.062439 0
16.089216 5.544831 -393.966705 0
24.851572 24.868002 -393.775818 0
-0.169264 -1.158220 -394.025513 0
22.026932 0.130980 -394.004089 0
7.058365 20.244261 -394.057373 0
16.349556 -0.900369 -394.021423 0
-29.923277 12.871183 -405.486603 -1
4.217903 4.255755 -393.961060 0
-11.736188 -9.114038 -392.420868 2
-5.548362 -14.970508 -391.121552 0
4.721520 5.015856 -392.919434 0
32.370533 1.678972 -394.245178 0
32.107952 1.936696 -394.192047 0
-22.311441 10.933273 -393.052826 0
-32.047585 12.870930 -405.478668 -1
10.670901 19.726158 -394.009918 0
-6.080382 15.536592 -392.386810 0
3.960819 16.376387 -394.058868 0
16.864601 7.349963 -393.994110 0
25.130590 12.509942 -394.106293 0
-11.228244 -14.514636 -392.636688 2
-3.006835 10.438986 -393.811981 0
18.674503 20.760300 -394.063354 0
9.896359 -9.150717 -394.000153 0
-10.456558 -17.597681 -392.633423 0
4.993338 14.829191 -394.058441 0
31.339392 3.485077 -394.268707 0
19.209505 22.845510 -394.448059 0
-10.797698 0.908378 -395.709717 -1
-11.485916 -16.313835 -392.652863 2
6.025033 -3.994261 -394.004303 0
14.736490 8.602059 -392.306305 1
23.173143 12.591195 -405.015472 -1
12.995103 -1.158291 -394.049683 0
9.122046 -6.830267 -393.998657 0
29.661112 -0.897043 -392.565765 0
-5.305803 -5.001667 -392.130219 3
-8.187261 12.274442 -394.826599 0
-6.849789 -1.153117 -392.289429 3
-9.939063 -8.345579 -392.510986 2
6.536247 1.934301 -393.704498 0
3.444206 10.186630 -394.018707 0
18.174051 23.617382 -394.406616 0
14.801813 14.055132 -394.045258 0
7.573222 -2.189357 -393.984375 0
11.704609 19.212650 -394.054108 0
-23.245852 12.585807 -404.842163 -1
9.123224 19.986000 -394.049530 0
12.735958 -7.346278 -394.018127 0
-7.110284 -11.683828 -392.483887 2
18.157091 0.904542 -394.038574 0
-5.564467 0.130400 -392.256805 3
5.767882 17.150410 -394.068817 0
-8.135569 0.387160 -392.333801 3
12.176271 25.051685 -392.616180 0
6.283358 17.406065 -394.018677 0
26.833307 -5.521176 -392.578644 0
-9.158377 -4.231659 -392.111298 3
4.219058 13.282366 -394.068909 0
11.695963 1.161579 -393.763000 0
-13.536346 -4.492041 -392.442657 2
27.355286 0.387510 -392.688538 0
16.092958 -2.447631 -394.058380 0
-5.070916 6.831601 -393.837311 0
23.318913 13.796726 -394.029511 0
-16.149824 13.777638 -393.484375 4
3.186188 11.733973 -394.029511 0
20.146006 25.304796 -392.557098 0
16.608641 14.312963 -394.044617 0
20.497662 22.841305 -394.375458 0
-12.581386 10.205365 -394.743378 0
6.009617 -9.384567 -392.996155 0
18.156853 15.859633 -394.033356 0
21.511913 7.608392 -394.025574 0
21.512436 12.249836 -394.035156 0
14.221701 6.804650 -392.283600 1
4.218789 -8.120318 -394.043854 0
29.982044 7.853797 -393.402649 0
23.505638 20.952728 -392.836487 0
10.414591 21.792553 -394.077606 0
11.962105 -2.963168 -394.033264 0
32.624210 0.388991 -394.189850 0
6.790208 2.190662 -393.476318 0
10.924194 1.161796 -393.836639 0
-13.865804 12.780661 -394.502136 0
19.206165 23.099611 -394.379486 0
5.767212 -1.158212 -394.023010 0
8.825447 11.168674 -392.286987 1
15.832655 21.272842 -394.004303 0
-9.222261 10.724787 -394.846497 0
-13.349038 11.231806 -394.504425 0
10.414235 13.540071 -394.064117 0
-13.042355 4.503117 -393.050018 4
-10.483488 -4.763391 -393.644592 3
9.596532 3.210914 -392.294128 1
9.088528 -11.428947 -392.550934 0
-1.454093 -10.399629 -392.482544 2
-8.187023 12.532443 -394.815125 0
29.984343 9.399121 -393.432800 0
-10.458087 -15.544509 -392.690826 2
-3.794816 -4.783156 -395.277954 -1
-9.688425 -17.089922 -392.773651 0
-4.837733 -14.115956 -395.866943 -1
8.312039 1.927460 -392.312134 1
19.963293 18.179928 -394.026276 0
18.674475 18.181608 -394.062744 0
10.624409 8.858481 -392.293243 1
18.671276 -5.025456 -393.995300 0
-3.253485 -7.573787 -392.446686 2
-4.299523 11.993124 -394.072449 0
7.832682 18.439053 -394.053711 0
2.411719 -0.384678 -394.007538 0
16.348564 -1.415961 -393.997498 0
28.634161 4.754731 -392.588562 0
8.060307 -11.943223 -392.568115 0
29.489843 3.995432 -393.712402 0
11.653345 6.291962 -392.328186 1
20.219339 5.287288 -393.986084 0
22.801586 0.388814 -394.010468 0
24.838528 24.597404 -393.569122 0
9.897616 16.891741 -394.050201 0
5.452929 -9.057935 -390.005249 0
25.085514 23.814503 -393.399414 0
10.414916 22.051117 -394.089905 0
-9.480320 11.757573 -394.822021 0
28.950037 11.457395 -393.386292 0
-23.610909 11.968230 -393.254456 0
-14.821491 -5.262381 -392.436920 2
7.284110 8.602209 -392.313141 1
24.823820 17.633303 -393.336121 0
-15.088763 1.672402 -392.702454 2
-11.794249 2.453656 -394.362244 0
6.512680 6.804675 -392.285004 1
14.800809 15.601200 -394.018555 0
14.285274 14.570540 -394.037140 0
-13.559044 -12.731135 -393.100708 2
14.800278 11.733225 -394.004395 0
25.608332 1.418349 -393.513397 0
17.891920 22.555052 -393.883301 0
3.702556 -3.478963 -394.044800 0
8.834470 10.409194 -392.688049 1
-2.492003 16.889032 -393.987030 0
5.251203 15.601990 -394.038483 0
7.315581 -2.189489 -394.008118 0
26.317726 2.185560 -392.559875 0
9.604475 -9.632477 -392.618835 0
-8.396498 -11.171116 -392.517395 2
12.679648 5.777732 -392.276031 1
-6.855351 -16.568886 -392.607971 0
-19.226995 10.678966 -393.159515 4
-4.282473 -9.372951 -392.509735 2
26.376547 13.003618 -393.437225 0
25.123501 8.896911 -393.995117 0
-10.448332 -17.070379 -392.324524 0
14.284118 15.858502 -394.005249 0
12.170469 11.429517 -392.429108 1
23.586426 25.409840 -394.186646 0
14.026452 18.953022 -394.017334 0
28.890860 -4.750535 -392.582184 0
-9.496947 1.425562 -395.514435 -1
-16.378746 -0.897562 -392.792877 2
-2.233920 0.130975 -393.987183 0
-12.578115 9.944467 -394.640747 0
-13.044362 -12.731452 -393.110504 2
0.346961 2.193761 -394.032959 0
-3.253272 -8.600458 -392.421021 2
-13.542868 17.087866 -392.631714 0
-4.815199 12.765138 -394.022980 0
-17.475094 -3.223259 -394.307831 0
-19.742323 8.363596 -393.164368 4
10.929626 14.312522 -394.032501 0
12.737606 14.313852 -394.069092 0
9.087166 6.294591 -392.492126 1
7.057614 -4.252209 -394.015442 0
-10.194544 -7.573813 -392.447998 2
-4.022601 7.317259 -392.241028 3
-9.414758 -1.409111 -392.091553 3
-12.767567 -5.263463 -392.517609 2
32.815819 -2.186062 -393.391388 0
-13.335743 -13.279667 -394.111511 2
-1.717811 5.545310 -394.000732 0
-8.710567 8.146237 -395.100494 -1
8.864467 -2.705241 -394.021423 0
5.746129 -12.200561 -392.582611 0
1.895660 13.281249 -394.035797 0
21.510759 -0.900330 -394.004456 0
11.650647 3.210449 -392.237366 1
-8.969820 7.888079 -395.119843 -1
27.923969 9.657057 -393.452454 0
13.768132 16.632235 -394.011139 0
8.573537 7.579294 -392.518677 1
0.088852 1.162431 -394.051788 0
21.253468 -4.252251 -394.019318 0
20.477375 4.256015 -393.985138 0
1.121195 -3.478523 -393.994934 0
-2.234196 2.967321 -394.035767 0
-3.262267 16.868414 -393.505981 0
0.346966 3.225187 -394.037872 0
29.663986 -1.410952 -392.603821 0
31.539740 5.796437 -393.545990 0
10.413844 20.759562 -394.049347 0
24.862003 12.504699 -393.941101 0
6.283230 -2.962998 -394.010651 0
-10.006205 7.888931 -395.162506 -1
6.024922 -0.900313 -393.997040 0
-1.711812 19.399893 -392.624878 0
6.775686 -10.146733 -392.634827 0
-12.511014 -4.749969 -392.535431 2
-7.676501 8.406082 -395.161621 -1
-20.516356 8.621462 -393.191162 4
18.931532 4.772314 -394.040375 0
-13.862120 13.809605 -394.397339 0
28.618668 21.930542 -426.881104 -1
18.931717 2.709531 -394.044220 0
-8.154719 -16.081612 -393.257294 0
30.241062 5.279688 -393.419769 0
25.899860 6.319206 -394.026947 0
-10.490052 17.658180 -393.891083 0
5.998913 8.858548 -392.296204 1
21.531204 21.551142 -394.378906 0
4.477187 12.250863 -394.068146 0
29.210213 4.507353 -393.419769 0
23.233614 20.682585 -392.588196 0
7.797514 7.831473 -392.284393 1
25.820238 -1.411713 -392.815613 0
-6.338747 -11.683387 -392.469086 2
5.251384 19.986130 -394.052094 0
7.032261 -11.944193 -392.600006 0
-18.953720 12.726601 -392.833435 4
17.320215 26.593546 -392.621277 0
-40.543980 12.869922 -405.446869 -1
9.852724 8.857797 -392.262939 1
18.672321 15.343317 -394.017334 0
-5.823859 -8.086882 -392.421356 2
-7.630336 -1.668634 -392.785217 3
12.423057 6.034610 -392.287781 1
-20.512953 7.333767 -393.125916 4
5.998572 3.980834 -392.273865 1
29.149424 1.671970 -392.601044 0
-29.429516 12.508869 -402.367340 -1
6.025391 14.054505 -394.027710 0
-16.393421 11.450363 -393.144836 4
30.544065 4.256219 -394.003998 0
-7.367214 -8.858464 -392.474854 2
10.156502 22.050547 -394.079712 0
26.318939 11.690747 -392.577972 0
-8.689587 -6.059104 -394.148865 3
22.975662 21.452557 -392.574829 0
-12.011648 -12.214247 -393.023010 2
9.122826 14.570362 -394.032318 0
0.605085 1.162394 -394.039337 0
2.669720 17.404949 -393.993439 0
6.283464 -4.767999 -394.025360 0
-8.948890 17.929890 -394.197876 0
27.599443 6.551604 -392.502563 0
-3.508459 5.263476 -392.211731 3
1.121272 11.733746 -394.021881 0
-9.745854 6.594990 -395.101837 -1
19.189331 14.054723 -394.033783 0
19.962543 17.405746 -394.011475 0
11.138533 10.912316 -392.299408 1
-3.524691 11.218196 -394.026398 0
4.218564 -3.994449 -394.022827 0
11.961836 17.406317 -394.024414 0
-3.765502 7.573613 -392.224457 3
28.180676 15.063303 -393.438110 0
-41.605938 12.869796 -405.442902 -1
11.445836 -0.900393 -394.031891 0
17.124199 -6.315102 -394.028839 0
-6.108791 10.191835 -394.220093 0
1.895694 4.514493 -394.042999 0
8.311109 9.627992 -392.268280 1
7.316942 22.050642 -394.081421 0
10.671283 14.570056 -394.024017 0
30.757166 7.596862 -393.428467 0
10.155698 16.633814 -394.048523 0
-9.432649 18.125038 -392.836639 0
15.319002 20.502756 -394.069580 0
-13.543755 -16.314028 -392.657471 0
-23.068649 14.267532 -392.793884 0
11.149072 -9.890703 -392.670624 0
-8.451865 8.921989 -395.105682 -1
19.446106 14.827242 -394.006653 0
7.026171 7.830986 -392.260040 1
4.970464 6.034079 -392.253296 1
12.937131 3.467602 -392.291809 1
-10.975101 17.608456 -392.781891 0
-8.969606 8.663545 -395.110443 -1
-3.254833 18.114544 -392.609192 0
19.446682 2.709353 -394.018311 0
-16.627151 -8.090209 -392.582825 0
-8.139119 -11.941302 -392.504974 2
-11.804602 7.363289 -394.708405 0
22.284981 -1.673808 -394.003265 0
20.481279 -2.189779 -394.060242 0
-6.094655 -6.303548 -393.307892 3
24.005741 -5.778362 -392.598419 0
22.802185 10.702361 -394.020813 0
29.916454 -3.979437 -392.542023 0
14.543797 11.218816 -394.048157 0
-3.783221 -0.126868 -394.070160 0
-9.424069 -11.940522 -392.479340 2
7.290608 1.929184 -392.663116 1
4.993438 18.181774 -394.066345 0
0.088842 1.935792 -394.008057 0
-14.895922 15.874700 -394.407684 0
27.607309 -2.952499 -392.614441 0
3.947045 -10.148120 -392.688538 2
23.833132 10.701697 -393.996399 0
-8.208353 -14.374160 -395.843750 -1
24.076113 24.608664 -393.749268 0
8.865039 19.728006 -394.046844 0
7.294113 -11.180637 -392.851929 0
27.601383 4.497161 -392.530182 0
21.512743 -3.221076 -394.040771 0
17.125563 17.665766 -394.060242 0
-4.027942 16.836514 -392.761810 0
14.543832 18.180979 -394.049103 0
24.573887 24.333099 -393.459778 0
-7.105307 1.413648 -392.209167 3
11.942118 1.675266 -393.374908 0
2.154103 19.472567 -394.095703 0
-17.402308 0.901390 -392.665497 0
16.092001 20.243105 -394.034912 0
6.542031 -4.510473 -394.052948 0
19.963104 1.420184 -394.022552 0
15.700915 -8.563306 -390.725861 -1
-5.820429 -15.524693 -392.190216 0
9.122102 -6.572483 -394.001068 0
30.696287 -3.209705 -392.649719 0
12.995084 16.118124 -394.049103 0
-37.031269 12.584207 -404.790680 -1
13.250799 -8.892379 -393.977448 0
-0.940479 -6.037226 -392.725708 0
-9.738923 13.049348 -394.820831 0
-14.639335 13.037271 -394.455444 0
7.028412 5.779339 -392.385132 1
-10.004496 8.663208 -395.095032 -1
5.509606 15.344935 -394.058899 0
29.920977 -0.383305 -392.601349 0
9.346386 8.094289 -392.580963 1
25.128538 7.093582 -394.074127 0
3.958548 7.604671 -393.832886 0
26.317852 10.919613 -392.561737 0
-14.069118 -14.269550 -392.962921 0
19.890850 27.362581 -392.596405 0
-4.833042 -4.785638 -395.483093 0
-10.454521 -17.851133 -392.556915 0
24.866705 3.225004 -394.015594 0
1.121260 -2.963050 -394.017517 0
9.898263 21.792461 -394.075958 0
9.596811 3.467723 -392.305511 1
0.605075 9.155603 -394.032562 0
6.769293 10.141274 -392.264374 1
21.748074 18.161564 -393.628296 0
19.632660 -7.833177 -392.576080 0
21.739807 27.939039 -393.478699 0
24.351624 11.476254 -394.033783 0
-0.940483 -11.691086 -392.727722 0
20.221224 6.834818 -394.022766 0
23.024584 28.449091 -393.410706 0
-8.712258 7.372034 -395.177185 -1
21.769680 4.514222 -394.019379 0
-14.895397 13.809480 -394.393768 0
10.413906 -6.573328 -394.051697 0
30.560129 3.226605 -394.211243 0
23.796158 27.160131 -393.385162 0
21.511953 8.124089 -394.026276 0
19.724884 22.843897 -394.420197 0
-15.851838 -6.033576 -392.488251 2
17.098322 12.876765 -405.662445 -1
-15.859838 -0.383388 -392.686310 2
18.157389 12.250143 -394.044983 0
-10.714079 -15.285768 -392.645264 2
17.898033 18.437374 -394.017853 0
-8.646048 -2.179297 -392.173950 3
3.961027 10.961832 -394.079498 0
-20.260595 6.821000 -393.226166 4
-20.510990 9.648120 -393.088348 4
26.574860 -5.777791 -392.559631 0
4.474174 8.377180 -393.802948 0
22.285498 4.256310 -394.012421 0
-10.005513 8.146953 -395.135193 -1
-21.263929 12.209178 -392.727295 4
2.669889 0.130985 -394.018341 0
-3.513218 17.863750 -392.743774 0
19.634361 25.822044 -392.610107 0
19.188560 1.162331 -394.017975 0
-1.969302 19.916759 -392.684357 0
9.338964 10.911476 -392.269226 1
-6.079056 -1.666578 -392.301208 3
-46.384480 12.869228 -405.425049 -1
8.574277 -11.685872 -392.552551 0
24.091980 -0.126848 -394.008789 0
-16.108376 -6.033365 -392.474487 2
15.316949 16.890308 -394.016754 0
-14.565667 -5.776479 -392.470459 2
18.414171 8.381720 -394.016327 0
9.853746 11.169148 -392.303650 1
14.285834 16.891844 -394.052582 0
-4.556328 -0.384628 -393.957031 0
23.835722 1.935945 -394.039215 0
-12.514182 17.344933 -392.634827 0
1.379355 14.311885 -394.014954 0
9.380707 -8.377718 -394.022552 0
23.321760 4.772766 -394.077667 0
14.285370 0.646694 -394.039795 0
0.860718 -8.353953 -392.904816 2
9.852987 8.601339 -392.273438 1
-2.999585 -13.751742 -392.862488 0
-3.255993 20.177055 -392.749237 0
-10.713663 -13.486677 -392.630035 2
10.121606 -11.434036 -392.725708 0
2.145935 21.710918 -392.601440 0
-0.939895 -9.885956 -392.482178 2
-1.968992 -15.284884 -392.622589 0
-0.169412 40.905808 -394.371307 -1
14.542190 0.130981 -394.004608 0
23.835367 2.451610 -394.033356 0
-6.858471 17.094606 -392.786621 0
-3.266618 0.646679 -394.030853 0
19.183046 19.720894 -393.904755 0
24.609327 9.929007 -394.027222 0
29.150558 1.158196 -392.616333 0
32.880054 -0.384828 -394.161438 0
26.120956 22.273872 -393.469391 0
20.148153 25.564402 -392.598938 0
-17.939346 11.965381 -393.160858 4
-10.514753 14.599436 -394.818573 0
-19.463037 12.980100 -392.725677 4
-4.557297 8.640090 -394.040741 0
6.799683 -5.025840 -394.025391 0
-11.036145 5.817361 -394.966553 0
19.706938 15.087164 -394.061340 0
0.088822 12.761864 -393.921936 0
4.204909 -11.177661 -392.747345 2
21.175383 -6.548639 -392.571686 0
26.327116 -3.210116 -392.699921 0
-5.827217 15.289978 -392.647614 0
7.573353 -1.931576 -393.991211 0
-2.996536 -9.628658 -392.463135 2
5.766432 22.302197 -393.969696 0
-4.796111 -10.655877 -392.461029 2
1.121239 18.437023 -394.010376 0
23.282675 12.916995 -406.929840 -1
28.179625 9.656344 -393.423431 0
30.176229 -2.181533 -392.576324 0
16.864908 -0.900323 -394.001312 0
-9.205729 17.927197 -394.138672 0
26.335241 21.613142 -426.130737 -1
18.673120 0.904532 -394.034180 0
17.381666 -5.799200 -394.014252 0
16.092157 11.992098 -394.038757 0
-16.631170 3.214054 -392.677734 4
-11.299872 8.922797 -395.141449 -1
-9.418170 -3.719642 -392.233673 3
-7.627881 -7.577881 -392.658844 2
18.692015 23.618956 -394.432892 0
4.461491 -10.918969 -392.686676 2
14.492081 25.567528 -392.646942 0
-13.301239 6.561439 -393.091797 4
15.833726 19.469366 -394.030945 0
20.737928 4.772214 -394.032104 0
-0.169267 15.086079 -394.032989 0
0.088485 -9.370964 -392.426514 2
10.110831 4.494612 -392.307678 1
-7.928848 14.341766 -394.837585 -1
27.987173 -0.126956 -394.342987 0
15.058390 1.162293 -394.004852 0
-1.461209 40.392933 -394.403137 -1
17.832445 25.305883 -392.573944 0
18.918703 -6.826361 -393.773346 0
9.123951 20.503347 -394.080933 0
16.864220 8.896688 -393.985229 0
-13.279680 -3.721738 -392.454651 2
-9.228888 7.629721 -395.130188 -1
15.315950 21.272127 -393.991058 0
-20.030834 5.542106 -393.773132 4
10.412255 -1.415931 -393.989227 0
3.444530 -2.189754 -394.055725 0
20.220812 9.413024 -394.014740 0
2.928153 9.929324 -394.039795 0
4.468282 6.049941 -393.284393 0
4.477092 2.193910 -394.059845 0
27.194826 -2.189949 -394.090912 0
6.030319 -11.223272 -394.349976 0
-3.508794 4.750621 -392.249207 3
15.060561 2.193921 -394.061646 0
12.219587 17.663643 -394.012878 0
3.701984 1.677860 -393.983978 0
3.960933 16.118990 -394.070251 0
16.348682 7.865730 -394.000366 0
22.027065 1.420126 -394.006500 0
2.411643 -6.314563 -393.995209 0
19.640448 -6.808305 -392.731812 0
-12.509536 -6.033589 -392.489075 2
23.538498 27.675011 -393.385651 0
-45.512863 12.583222 -404.759033 -1
-22.026237 8.093828 -392.558563 0
25.340889 12.743767 -393.363312 0
13.202988 -10.144694 -392.555939 0
-0.427389 5.803719 -394.040405 0
-16.905281 7.589946 -393.070312 4
3.444337 -0.126857 -394.033722 0
4.476799 16.375355 -394.034027 0
16.821699 24.818493 -392.991882 0
-16.372583 0.901343 -392.645111 2
28.125755 6.297466 -392.671356 0
29.490213 12.497597 -393.717346 0
-3.540993 -12.043031 -395.848755 0
-4.543582 17.868807 -392.854950 0
19.187860 -0.384674 -394.003601 0
17.123259 16.632069 -394.007202 0
19.706461 4.514594 -394.051819 0
25.124084 7.607980 -394.004242 0
16.867510 11.477077 -394.062042 0
-13.088657 -13.549034 -394.445404 2
-2.750283 4.772008 -394.015137 0
-3.251646 15.786842 -392.224854 0
30.296303 1.936433 -394.138428 0
6.799742 -6.830790 -394.028809 0
12.167584 2.954521 -392.336090 1
-18.456429 6.048694 -393.203369 4
18.155930 -4.767853 -394.013306 0
17.124245 6.577098 -394.029907 0
-16.365883 -3.208354 -392.484406 2
32.624943 0.131045 -394.198730 0
13.768842 18.953703 -394.031464 0
8.832599 -10.659784 -392.604919 0
27.095249 1.415230 -392.647919 0
15.005574 8.095154 -392.622894 0
-3.783010 10.960958 -394.048126 0
3.174737 -11.430764 -392.613342 2
28.696110 13.261097 -393.437897 0
-3.525103 11.735250 -394.072388 0
14.542746 21.531511 -394.019684 0
-15.357219 6.045403 -392.989441 4
-22.580963 8.108345 -393.262665 0
15.059566 -3.736730 -394.035614 0
1.379556 15.603331 -394.072357 0
3.447729 40.652943 -394.421783 -1
26.120785 18.154112 -393.466797 0
12.213395 23.066446 -393.813232 0
-0.685561 15.345404 -394.070953 0
13.762007 11.212771 -393.835846 0
-15.604575 2.700535 -392.735870 4
3.431806 22.481579 -392.600220 0
-12.520002 17.095947 -392.817444 0
28.951387 9.398449 -393.404663 0
-7.935195 6.854435 -395.153656 -1
23.489164 -5.777814 -392.561188 0
8.348772 15.860138 -394.045898 0
4.216423 6.058224 -393.822876 0
31.011316 6.308882 -393.383209 0
19.464161 23.099199 -394.372467 0
-13.806230 -17.605469 -392.807159 0
20.736568 2.451441 -394.006226 0
15.058512 15.600784 -394.008057 0
11.962032 -7.862205 -394.030853 0
23.835352 11.476233 -394.033081 0
-2.491855 10.700807 -393.963623 0
7.058117 -4.768218 -394.043518 0
-0.943137 11.728204 -393.835785 3
2.928314 18.439417 -394.061493 0
-5.568530 -11.428723 -392.543243 2
-15.158681 14.846642 -394.522186 0
21.018686 21.555412 -394.457062 0
20.220852 2.193664 -394.015533 0
9.123340 17.407648 -394.054535 0
-8.652992 -11.170307 -392.488983 2
26.061438 12.461266 -392.572815 0
7.572367 22.558294 -393.939911 0
-14.330385 8.361560 -393.068665 4
13.769291 16.375780 -394.044312 0
32.563950 -0.899090 -393.461792 0
-7.158231 9.181115 -395.130524 -1
-13.793488 -3.208029 -392.444641 2
5.741604 9.114730 -392.273499 1
-14.428058 -11.780989 -395.747711 0
16.352087 17.151003 -394.082428 0
-13.281093 -6.033702 -392.496429 2
-1.459910 -0.126863 -394.052612 0
-16.121679 -8.094657 -392.798645 0
6.283586 -8.635786 -394.032959 0
14.801240 -1.931766 -394.030029 0
13.449597 8.344116 -392.248596 1
-3.266472 1.935817 -394.013214 0
24.349998 7.350213 -394.007507 0
14.283838 17.662954 -393.997528 0
6.026555 20.504538 -394.103790 0
18.155413 8.381417 -394.002136 0
-6.343125 16.578585 -392.740173 0
25.641174 5.803391 -394.018097 0
28.951786 10.170894 -393.410065 0
11.703703 -2.447415 -394.023590 0
19.964512 -2.189723 -394.050293 0
-11.222076 -11.681956 -392.421021 2
-6.610544 18.405851 -393.344208 0
-4.312797 -5.300627 -395.289093 0
21.770468 8.897781 -394.033630 0
7.027340 2.440982 -392.325287 1
-5.594384 40.389103 -394.365753 -1
11.961315 -5.025609 -394.007263 0
13.770015 17.150246 -394.065033 0
19.892370 25.052340 -392.626434 0
-16.107616 -5.776265 -392.455963 2
19.962151 4.256216 -394.003693 0
6.518402 -9.889671 -392.629669 0
19.189587 16.375563 -394.039062 0
19.705219 10.960371 -394.026978 0
2.928112 -1.416093 -394.034241 0
26.374216 16.091675 -393.402466 0
12.165604 5.520982 -392.272247 1
9.896644 -8.119651 -394.011505 0
26.316685 10.662256 -392.544312 0
-12.765613 -10.142151 -392.457520 2
15.060373 -4.252655 -394.056732 0
-6.853269 -10.142957 -392.488708 2
16.868040 13.282554 -394.074493 0
-4.282067 -6.803810 -392.472534 2
21.949656 24.795122 -392.621826 0
-0.943656 3.741025 -394.052582 0
1.121354 5.546013 -394.050659 0
15.020011 5.016893 -393.000641 0
22.510944 27.164036 -393.441711 0
-7.372293 17.092813 -392.745422 0
-3.512326 18.116154 -392.644104 0
-17.408148 2.443919 -392.797272 4
18.157158 15.086347 -394.039978 0
-11.807048 10.723258 -394.790192 0
6.799897 14.570565 -394.037811 0
-22.051266 11.446279 -393.004608 4
-4.286663 17.099270 -392.893768 0
9.853520 11.425601 -392.294647 1
32.299706 -2.186013 -393.382568 0
29.147375 1.928744 -392.573456 0
23.574768 15.342323 -393.991852 0
1.121392 16.118740 -394.064178 0
-16.394609 -10.160649 -393.173340 0
-6.342216 15.291389 -392.683838 0
4.993253 -0.126862 -394.051727 0
3.961302 -11.990039 -394.106934 0
-19.484320 6.819768 -393.155121 4
-12.840829 12.789337 -394.769928 0
-12.250229 -5.518924 -392.418488 2
1.121437 16.377251 -394.079651 0
-14.061407 -16.831781 -392.747559 0
0.088848 8.897845 -394.036469 0
13.763083 -8.889879 -393.866669 0
-18.178936 15.294860 -392.772980 0
18.156427 -3.478781 -394.024139 0
6.542005 0.904571 -394.051361 0
0.863152 -2.189532 -394.015930 0
9.343218 5.266645 -392.447876 1
10.367262 1.670631 -392.286713 1
-7.362367 -0.126272 -392.216675 3
26.325785 -0.383382 -392.680054 0
30.239880 9.141007 -393.404388 0
4.460804 22.996920 -392.626221 0
7.797732 3.724343 -392.295410 1
-4.802413 3.730812 -392.976776 3
1.117457 -9.377045 -392.681183 2
-4.572818 -4.525695 -395.382782 0
-2.762225 -12.816155 -395.725891 -1
14.285088 -4.768079 -394.032013 0
6.769618 6.804643 -392.283173 1
-8.187694 14.083745 -394.847473 -1
11.907830 3.210516 -392.245453 1
17.574984 21.965914 -392.567200 0
27.909279 7.850659 -393.245453 0
18.104372 22.241327 -392.894470 0
16.090431 -1.415957 -393.996490 0
-13.600854 16.128914 -394.312866 0
31.737301 12.515867 -402.592438 -1
14.542978 9.671133 -394.025970 0
4.735301 15.087354 -394.066284 0
1.379319 -2.705126 -394.004700 0
-0.943630 9.155815 -394.041656 0
24.868738 6.061685 -394.047821 0
-16.909105 10.164409 -393.159241 4
1.121345 2.967409 -394.047424 0
-11.238495 -15.556557 -392.995178 2
15.520558 22.483751 -392.638153 0
-8.657239 18.631807 -392.681580 0
22.545652 13.281672 -394.048340 0
-4.540363 19.397507 -392.576599 0
11.962283 12.765661 -394.039124 0
17.589046 21.469305 -392.881317 0
6.024997 -1.415976 -394.001923 0
2.659818 -13.483310 -392.532043 0
-13.607064 41.176567 -394.492889 -1
-0.939884 -7.574378 -392.477325 2
29.930056 1.158504 -392.720489 0
17.659195 23.619871 -394.448181 0
10.378317 6.298006 -392.705017 1
-12.005962 -15.036166 -392.836945 2
3.960047 -8.119043 -393.982025 0
-1.459777 -2.189537 -394.016785 0
13.707797 6.291262 -392.284515 1
21.261229 23.344875 -394.163208 0
-9.228598 5.302475 -395.117798 -1
0.605027 -3.736408 -394.001587 0
16.090431 15.858148 -393.996460 0
2.925943 -8.114106 -393.742432 0
5.514974 -10.967800 -394.442810 0
-10.781009 6.853471 -395.098114 -1
25.905489 2.967899 -394.112579 0
3.185944 -6.830276 -393.999207 0
17.639881 15.601131 -394.016785 0
6.025101 -11.471391 -394.008759 0
-10.004692 4.268088 -395.102783 -1
-9.709918 -4.248211 -393.644958 3
7.057387 0.646633 -394.002747 0
19.444517 -1.931494 -393.974457 0
23.850168 25.673737 -394.278015 0
23.316116 15.599765 -393.982300 0
0.088847 -5.025915 -394.031250 0
-23.340494 14.276427 -393.038757 0
-0.685526 17.407494 -394.051025 0
-16.641256 -1.412073 -392.915863 2
8.831548 6.038769 -392.558167 1
17.640112 1.678021 -394.021912 0
20.480757 -2.447580 -394.050201 0
15.834038 -3.736760 -394.038696 0
-16.109756 -4.235942 -392.508118 2
-12.756315 6.032824 -392.171661 4
22.720457 20.940573 -392.608582 0
2.411811 -1.416051 -394.022614 0
-7.618447 0.387001 -392.173187 3
6.540894 -6.056577 -393.984467 0
-13.349129 10.199256 -394.507111 0
28.633114 -2.438413 -392.574188 0
-4.796276 -11.426724 -392.474579 2
6.541274 -5.799098 -394.007294 0
-1.197011 -9.629263 -392.487823 2
-2.492156 -0.384681 -394.011230 0
-15.603945 -0.383421 -392.720032 2
20.735024 4.255926 -393.976868 0
18.670830 -2.704996 -393.985870 0
13.700785 24.248005 -392.083832 0
-12.255638 -1.667812 -392.591736 0
22.547045 16.119087 -394.072662 0
-23.059671 12.463430 -392.640991 0
13.767368 17.662584 -393.989288 0
-14.823939 -2.181118 -392.501739 2
-13.867512 11.491310 -394.550720 0
19.978682 23.354753 -394.329987 0
-9.504398 2.203737 -395.824768 -1
24.609104 9.671076 -394.023651 0
14.281666 10.957885 -393.937622 0
32.109455 0.389012 -394.210480 0
26.834612 -3.209280 -392.597687 0
-9.480838 15.375490 -394.843567 0
8.606626 16.891029 -394.033569 0
27.218203 -1.417514 -394.429688 0
29.402109 -0.896986 -392.541077 0
22.803673 -0.642571 -394.046509 0
10.109846 3.980789 -392.269440 1
23.319044 13.023268 -394.031769 0
0.088845 -2.447412 -394.023132 0
-19.468672 12.469727 -392.839386 4
21.529850 22.582012 -394.354095 0
7.032267 -9.888932 -392.600342 0
6.492986 -11.642593 -391.098724 0
-13.304111 2.960852 -393.176666 4
-17.168974 13.768120 -393.212524 4
-0.168708 -14.004176 -392.732208 0
-18.460215 2.189591 -393.284058 0
-6.077102 -6.028762 -392.175079 3
-11.278944 40.393597 -394.409637 -1
-6.591849 -1.922950 -392.231812 3
-5.091610 -4.785172 -395.444580 0
15.831102 5.029211 -393.965637 0
9.638434 -7.861729 -394.007019 0
-8.192276 9.696721 -395.068451 -1
-17.921782 0.387596 -392.775879 0
10.124047 7.071015 -392.820435 1
11.660685 -10.402087 -392.575317 0
-5.306373 -1.152772 -392.172302 3
-3.018040 -4.524513 -395.279541 -1
-1.976221 16.634462 -394.063904 0
2.927969 -3.478701 -394.015045 0
29.984327 6.309674 -393.432617 0
6.025565 16.891266 -394.039062 0
8.090175 -4.252288 -394.022766 0
-2.492194 11.217935 -394.017242 0
25.138849 12.772033 -394.235809 0
-3.010385 -5.029050 -394.276978 0
21.253599 9.155352 -394.021759 0
15.575499 11.991773 -394.028076 0
4.735126 2.451724 -394.051697 0
-10.256412 14.599846 -394.829651 0
-13.543942 0.901384 -392.662872 2
19.365997 -6.802267 -392.383545 0
23.834526 11.991511 -394.019470 0
-8.954615 40.655861 -394.450073 -1
-19.482576 8.105403 -393.119965 4
0.346899 19.723778 -393.962341 0
26.074503 0.644609 -392.769623 0
16.606359 5.545166 -393.990509 0
26.183741 -1.675558 -394.415100 0
22.543163 -0.126847 -394.004822 0
-2.234021 -2.447299 -394.004944 0
0.088840 0.646628 -393.999817 0
11.651842 10.141616 -392.277618 1
24.834896 18.413685 -393.511597 0
11.186656 13.795493 -393.994293 0
8.317492 -10.401933 -392.569519 0
1.379545 18.955526 -394.069427 0
16.349787 14.828006 -394.026978 0
6.283667 -0.384708 -394.038055 0
-17.424982 12.995021 -393.177124 4
8.838572 -9.895735 -392.870392 0
17.381701 0.388819 -394.015045 0
-18.454639 2.960766 -393.165253 4
-7.130547 -6.050704 -393.602417 3
16.348850 17.663261 -394.004395 0
11.960983 -3.220713 -393.996307 0
17.639994 16.374743 -394.019287 0
-16.134977 10.420713 -393.122620 4
3.960515 -0.384698 -394.028625 0
-14.822583 -9.628723 -392.465820 2
17.578621 26.081503 -392.648407 0
-4.282046 -10.912959 -392.470581 2
16.866520 -2.447511 -394.038940 0
0.346965 11.218512 -394.037506 0
-13.821727 -12.221242 -393.248077 2
-6.376265 11.756680 -394.792023 -1
17.577286 -8.347867 -392.618591 0
22.544882 -3.221028 -394.034851 0
20.477858 -1.415950 -393.994415 0
-3.019537 -4.267968 -395.475677 -1
-18.170425 1.158116 -392.589081 0
14.225806 9.631147 -392.396820 0
-11.747809 -14.778067 -392.809448 2
15.578339 22.051676 -394.099915 0
11.909085 2.440743 -392.286804 1
-20.522739 10.168397 -393.313507 4
11.908998 6.547954 -392.283936 1
-5.078088 40.392036 -394.394409 -1
4.992860 -1.931721 -394.020721 0
-13.794797 -10.142780 -392.481873 2
-11.298124 7.111695 -395.080322 -1
3.186391 15.602627 -394.054596 0
-9.222091 10.466216 -394.839203 0
20.995716 0.388830 -394.025970 0
-5.049305 5.006147 -392.158905 3
-1.718127 15.861235 -394.073151 0
24.423250 21.929693 -426.864594 0
11.701919 22.301846 -393.963531 0
7.056744 -8.634337 -393.966858 0
-30.719902 12.871088 -405.483612 -1
2.928293 1.162451 -394.058624 0
8.607173 -7.604896 -394.058624 0
26.869354 0.387922 -393.106018 0
3.446743 -11.996184 -394.308899 0
32.043442 -2.443542 -393.400055 0
9.639803 18.955217 -394.062958 0
0.605082 9.671404 -394.037018 0
26.839123 3.727840 -392.663727 0
15.314777 -8.376407 -393.960907 0
-19.998312 9.906493 -393.133789 4
7.540986 8.345365 -392.307343 1
24.828833 21.241053 -393.415497 0
6.799702 -2.963118 -394.026489 0
-7.362300 2.183629 -392.213074 3
3.443782 3.482438 -393.970215 0
25.085276 22.527128 -393.395660 0
10.881748 3.981164 -392.306396 1
11.962287 18.438375 -394.039246 0
3.443735 -7.603086 -393.964844 0
-5.336788 40.394680 -394.420197 -1
-8.191577 3.750350 -395.034760 -1
7.315200 -6.056625 -393.987640 0
6.025099 -6.314778 -394.008606 0
20.738455 15.859984 -394.042084 0
10.623277 11.424344 -392.251465 1
8.858101 0.903853 -393.738464 0
8.089764 -8.377297 -394.002747 0
1.895746 7.866797 -394.053833 0
14.544120 -6.315552 -394.056885 0
8.864227 -3.736495 -394.010773 0
-15.343446 5.526116 -392.636993 4
17.638411 4.256002 -393.983917 0
7.574059 15.859415 -394.027924 0
-7.362349 15.786473 -392.215698 0
-15.863375 4.242930 -392.773865 4
13.762834 2.708261 -393.859528 0
-11.803187 16.401415 -394.661102 0
-8.396531 -9.373171 -392.518951 2
10.890538 11.949020 -392.623291 1
-21.518244 14.263163 -392.673584 0
6.540914 -7.087857 -393.985657 0
-20.232801 4.241989 -392.686676 0
-0.427399 14.055282 -394.049469 0
28.176394 7.338475 -393.378326 0
-6.087302 16.582520 -392.833374 0
-19.730980 12.215743 -392.938446 4
19.445824 0.646630 -394.000946 0
-9.168805 -17.337410 -392.557770 0
-18.193327 9.905235 -393.083862 4
7.315985 22.305601 -394.029877 0
10.413999 16.118374 -394.055206 0
3.960043 22.045057 -393.981628 0
-5.308138 5.521412 -392.302765 3
-17.937948 3.475013 -393.130188 4
4.218245 21.530052 -393.992981 0
10.672366 -0.642600 -394.064026 0
0.346794 -6.312129 -393.843323 0
28.119097 -3.979806 -392.578369 0
10.155175 14.828054 -394.028229 0
-44.526207 12.869449 -405.431976 -1
9.340344 2.697724 -392.327179 1
-17.682556 12.995037 -393.177612 4
-4.792194 2.953049 -392.140503 3
19.964514 4.772435 -394.050323 0
19.963428 -4.252355 -394.028961 0
-7.367010 -9.628678 -392.463959 2
30.836615 12.366187 -397.777771 -1
19.454573 19.992525 -394.178192 0
9.898035 18.697538 -394.066895 0
-21.546801 5.019370 -393.194733 0
-19.967062 2.442190 -392.519470 0
-6.111911 40.394806 -394.421417 -1
13.193814 5.264435 -392.283142 1
4.700109 -12.155655 -391.137665 0
-2.750010 1.935635 -393.976013 0
-16.135410 11.192765 -393.133179 4
-0.943560 -3.478676 -394.012268 0
-22.039391 13.496395 -392.792999 0
-22.028992 14.260768 -392.607666 0
15.058724 12.764833 -394.013580 0
-16.910667 11.709138 -393.195557 4
8.349101 18.697277 -394.061432 0
-17.414099 2.187629 -392.931549 4
-13.311864 -12.998452 -393.405792 2
-11.740424 -5.777833 -392.562500 2
-6.859053 17.610163 -392.819977 0
-8.152923 17.883167 -393.170685 0
16.092381 17.922901 -394.044220 0
-16.885454 -2.438631 -392.609314 2
19.381865 24.543402 -392.705048 0
18.931173 14.054691 -394.032898 0
-5.332560 7.609978 -394.107727 0
13.768749 15.085919 -394.028809 0
23.281633 26.131401 -393.399597 0
11.704784 16.892160 -394.059998 0
11.187557 14.312288 -394.026031 0
15.331402 25.422853 -394.388550 0
-11.796820 40.913788 -394.448212 -1
-0.682318 -12.188886 -392.206909 0
-18.198965 11.709441 -393.205719 4
27.665718 9.141953 -393.445099 0
25.342844 17.378454 -393.393646 0
14.479368 8.858690 -392.302521 1
-0.425887 20.172228 -392.655273 0
12.937142 9.115163 -392.292145 1
-10.715223 -6.550566 -392.687195 2
12.223572 21.538160 -394.141357 0
16.347963 3.224738 -393.983032 0
8.606755 -0.384709 -394.039490 0
15.318222 19.470284 -394.049500 0
12.688153 -10.401129 -392.539154 0
-12.778028 17.611027 -392.839203 0
-5.590017 7.866880 -394.057953 0
25.382017 2.967065 -394.001770 0
-11.813347 7.885703 -395.000824 -1
-6.894983 10.725635 -394.877716 -1
23.330093 -2.706593 -394.218475 0
-8.398092 -17.338919 -392.591919 0
-18.171188 -3.209344 -392.605591 0
-0.685543 -1.158323 -394.060608 0
29.141977 2.955761 -392.500732 0
-6.099093 -13.262238 -393.594269 0
15.565903 5.542278 -393.785278 0
12.476666 -5.540894 -393.980621 0
28.122259 -2.952560 -392.622528 0
-6.375762 10.464140 -394.760925 -1
9.088207 -11.685412 -392.537079 0
-11.245234 -5.273027 -393.230804 0
23.485409 19.393642 -392.498413 0
29.982218 10.170761 -393.404938 0
-13.347000 40.913364 -394.444183 -1
23.539549 27.418812 -393.403198 0
20.761324 21.814617 -394.476593 0
-20.028666 4.253264 -393.730499 0
19.187321 -2.705042 -393.992523 0
-13.601757 9.420771 -394.339050 0
-10.458756 -14.774551 -392.715942 2
-15.071724 12.194620 -392.259033 4
-11.993605 -7.830314 -392.432617 2
-6.592797 -15.015163 -392.288208 0
17.382153 -7.088569 -394.025269 0
11.403723 23.508129 -392.582123 0
-23.058685 11.435200 -392.624207 0
-8.138589 -7.831249 -392.479431 2
-5.570131 16.318089 -392.656067 0
24.869965 2.451821 -394.067261 0
5.249503 -11.726310 -393.910950 0
28.697174 14.291455 -393.452515 0
0.346965 -4.252441 -394.036987 0
1.121379 15.344955 -394.059418 0
-20.484817 4.754709 -392.586731 0
-7.110009 -7.831035 -392.468719 2
-1.717942 1.935904 -394.030731 0
11.445225 -4.767823 -394.010834 0
-2.482061 9.374811 -392.415222 3
-13.560865 5.018844 -393.153503 4
-8.446187 13.566740 -394.840271 -1
20.478720 2.709303 -394.011017 0
-4.796471 -7.574634 -392.490570 2
11.146288 -10.658905 -392.572571 0
-9.680243 -11.682579 -392.441925 2
0.604999 -2.704977 -393.983093 0
5.251498 18.181513 -394.060638 0
-6.077108 -4.745614 -392.175476 3
31.849113 1.162822 -394.184357 0
18.958773 12.876985 -405.669403 -1
25.126871 4.514550 -394.047974 0
-4.056643 -3.492344 -395.560394 -1
-15.859556 -9.633961 -392.679321 0
-12.830848 14.070035 -394.463104 0
17.898703 -5.799470 -394.032593 0
-5.850411 11.223437 -394.210480 0
10.888622 7.579981 -392.554230 1
7.026541 3.724203 -392.280670 1
-0.943593 6.319192 -394.026062 0
-13.300515 6.046649 -393.070404 4
-10.458187 -14.259805 -392.694550 2
-17.893871 9.368815 -392.164246 4
-7.373194 -2.696810 -392.793427 3
-21.773438 7.581579 -392.636993 0
18.431650 23.358330 -394.390381 0
14.799881 -6.056721 -393.993835 0
19.963400 11.991783 -394.028381 0
3.960626 -6.573126 -394.039642 0
0.863948 40.132420 -394.379333 -1
-13.537599 -10.399534 -392.478973 2
-10.971156 17.859062 -392.640686 0
-7.911691 15.084174 -393.983215 0
0.605749 40.658058 -394.471405 -1
26.829672 7.836285 -392.525421 0
-7.157658 5.819310 -395.098907 -1
21.254107 11.476177 -394.031189 0
-8.395872 17.595287 -392.488129 0
-10.457343 18.117022 -392.662903 0
-16.358963 14.250263 -392.318451 4
-6.105802 9.155479 -394.027222 0
17.117672 -7.601423 -393.878662 0
17.064587 -8.348688 -392.657196 0
-8.208929 -13.857070 -395.871521 -1
-16.907944 12.221766 -393.132233 4
5.741641 3.980855 -392.275970 1
30.790249 4.512301 -393.851624 0
5.509301 0.388841 -394.037140 0
-16.079357 14.486613 -391.767456 0
-17.684481 14.025710 -393.220398 4
-10.201149 -14.517059 -392.702240 2
12.995121 20.243891 -394.050201 0
-15.104391 6.304488 -393.109192 4
-8.927825 1.932166 -393.269989 3
1.895621 -6.057242 -394.027710 0
23.580040 9.156704 -394.079926 0
-22.289734 13.749137 -392.670380 0
31.332821 0.646934 -394.186035 0
0.863161 -4.252259 -394.020142 0
2.153698 16.632681 -394.021667 0
-7.109827 -8.087650 -392.458618 2
-19.739080 4.246451 -393.099792 4
28.889053 -5.007119 -392.557648 0
-5.858625 14.855740 -394.763947 0
23.060778 1.678052 -394.029144 0
10.154681 14.569502 -394.009064 0
-7.158002 6.853814 -395.117889 -1
9.639067 19.727308 -394.032898 0
-3.783088 12.766216 -394.056244 0
5.250516 -0.900290 -393.986969 0
-19.717522 2.700085 -392.670441 0
11.446413 18.696819 -394.051758 0
-7.363305 15.531833 -392.266632 0
24.610975 8.640372 -394.053619 0
1.379252 -2.447180 -393.985687 0
5.251037 -3.736640 -394.026062 0
23.231598 -7.062103 -392.554138 0
-0.427328 13.279505 -393.984039 3
30.496717 8.368465 -393.393250 0
13.510958 -1.673956 -394.038147 0
8.607588 21.276802 -394.077606 0
16.348696 6.060959 -394.000671 0
-7.158034 9.439420 -395.119690 -1
23.061487 1.162400 -394.041260 0
20.221939 8.124304 -394.036713 0
7.057722 -2.189563 -394.021484 0
11.395926 4.751402 -392.313690 1
-3.511076 -8.088592 -392.504333 2
-4.315194 -3.750700 -395.508728 -1
-21.791157 10.673451 -392.956482 4
5.227693 7.574576 -392.274353 1
-8.139744 -9.373557 -392.535126 2
21.946339 -6.805370 -392.562500 0
29.484592 3.479539 -393.642303 0
-14.122235 14.069445 -394.446533 0
-0.427423 14.313955 -394.071930 0
-15.336539 -6.803597 -392.460236 2
30.960432 -2.182429 -392.737732 0
-7.116521 18.895821 -392.828156 0
7.832495 -2.963251 -394.044281 0
10.412455 -5.025476 -393.996796 0
12.736115 -7.862047 -394.022949 0
30.176859 -1.667781 -392.584534 0
18.155504 1.420118 -394.004089 0
16.865993 18.953470 -394.026672 0
27.922052 9.398945 -393.425446 0
11.909023 3.724242 -392.284760 1
-38.154503 12.870205 -405.455811 -1
-10.776513 9.434969 -394.933350 0
0.605078 11.476283 -394.034790 0
-12.252283 -10.656508 -392.484283 2
1.631704 -14.000555 -392.630646 0
9.122621 15.601396 -394.023468 0
-18.194525 2.960348 -393.109741 4
23.834633 5.029921 -394.021210 0
-6.595407 -9.371369 -392.443512 2
-4.314932 -4.785659 -395.484772 0
17.397964 24.132162 -394.383698 0
15.060782 17.923956 -394.067413 0
11.661650 -10.146035 -392.607819 0
-3.011307 -3.482080 -394.397797 0
-14.691620 -11.007324 -395.864258 0
26.161932 8.383214 -394.086609 0
-3.008821 1.420363 -394.072144 0
10.117986 23.765217 -392.585266 0
-10.965219 -7.059838 -392.428223 2
14.025975 -1.673811 -394.003937 0
-5.563830 0.643694 -392.211914 3
3.702665 12.508360 -394.056427 0
0.345835 -13.490938 -392.754089 0
12.166948 11.169488 -392.315582 1
-13.087759 40.910683 -394.418304 -1
-10.261534 -5.555607 -395.026855 3
-2.238643 -5.294339 -394.820129 -1
-18.451529 5.532618 -393.098999 4
20.504169 22.074100 -394.500671 0
4.993515 17.150564 -394.072388 0
18.672035 5.287627 -394.011322 0
-9.189327 -16.603848 -393.436401 0
22.029922 7.609010 -394.057617 0
17.122936 11.990913 -393.999786 0
-0.427265 -5.797904 -393.926117 0
-6.099028 -6.565627 -393.590088 3
-11.290323 13.565614 -394.807526 0
-14.315795 2.443117 -392.668457 4
11.704275 17.149279 -394.042847 0
9.081566 4.750633 -392.250244 1
-7.105791 1.157074 -392.235840 3
-7.403606 40.135906 -394.413574 -1
-13.306507 -11.191895 -393.247498 2
-4.299202 11.734375 -394.042999 0
-7.124481 -7.074937 -393.267517 3
-6.850416 -0.896493 -392.325348 3
17.064594 22.484850 -392.657349 0
14.801500 13.796986 -394.036926 0
32.882309 0.131042 -394.188477 0
-21.771568 7.324017 -392.603271 0
8.348701 19.469940 -394.042542 0
3.186417 6.835426 -394.057800 0
-11.481593 -9.629686 -392.505066 2
29.724777 7.339037 -393.408417 0
-5.355478 -12.559600 -395.801483 0
-10.773806 9.949340 -394.834137 0
-9.480568 14.599944 -394.832336 0
-2.492171 -1.673852 -394.013611 0
-11.998583 -17.595982 -392.595489 0
22.028404 -0.642545 -394.030457 0
-14.308303 -6.290006 -392.462952 2
10.631422 7.066187 -392.552185 1
-8.138919 -12.711529 -392.495331 2
7.057340 -6.314643 -394.000122 0
3.689494 22.227753 -392.654694 0
-12.068077 0.906449 -394.869354 0
-6.364693 5.804237 -394.075531 0
-17.656435 -2.181646 -392.596771 0
3.702787 16.118954 -394.069366 0
-14.074372 6.047253 -393.109680 4
-3.008383 14.827548 -394.014771 0
19.446598 2.451506 -394.016663 0
0.602845 -9.117746 -392.580536 2
-16.135643 8.363053 -393.138855 4
-0.685522 8.898117 -394.048523 0
-20.514641 7.077097 -393.158295 4
-10.194831 -11.683088 -392.459045 2
14.285542 17.149353 -394.044556 0
4.738504 -11.738869 -394.332825 0
6.289746 -10.967145 -394.419281 0
14.027016 -3.478861 -394.033173 0
17.124598 11.734226 -394.037994 0
29.401833 -1.410713 -392.537415 0
26.374544 13.260068 -393.407379 0
19.444304 -5.540746 -393.970123 0
20.736444 17.147585 -394.003906 0
10.896340 3.472381 -392.832458 1
24.611353 8.124777 -394.059662 0
-7.875525 -1.152802 -392.182251 3
16.866493 10.187136 -394.038330 0
12.175175 23.764952 -392.580872 0
1.374661 21.971903 -392.674225 0
11.962397 -0.642565 -394.042877 0
-17.637367 8.085874 -392.172791 4
-2.996942 -6.547715 -392.516266 2
8.574972 -10.659226 -392.584381 0
31.011631 5.794098 -393.387207 0
27.861877 5.011492 -392.577545 0
25.125338 6.061317 -394.023895 0
26.140806 9.922484 -393.768372 0
9.596618 2.184099 -392.297638 1
1.121397 10.703582 -394.065765 0
16.349281 -2.963029 -394.014771 0
